ULTRAN20
487845 
7.91424703E-1
3.96769741E-1
9.40526552E-1
3.67193740E-3
1.26060844E-2
1.73395984E+2
 
ULTRAN30
548742 
7.30713411E-1
6.36951703E-1
8.56177259E-1
3.14818243E-3
1.29910178E-2
1.43604779E+2
 
FK3     
464658 
9.73346627E-1
1.46642231E-1
6.79304225E-1
6.40795469E-3
2.05652930E-2
8.04965389E+1
 
FK5     
487704 
8.44309338E-1
3.44147824E-1
9.10790213E-1
4.75111955E-3
1.49814849E-2
9.78600293E+1
 
FK51    
487845 
9.71247817E-1
2.16901417E-1
9.04651666E-1
4.72301995E-3
1.53575612E-2
1.68681330E+2
 
FK52    
486818 
1.01571114   
1.69998431E-1
8.05158532E-1
5.15884949E-3
1.73380788E-2
1.58603308E+2
 
FK54    
437907 
7.45320416E-1
3.02330101E-1
1.01885000   
3.58171563E-3
1.22884773E-2
2.13017450E+2
 
PK1     
504669 
9.33773217E-1
3.00776039E-1
9.37601195E-1
5.43685564E-3
1.66532403E-2
9.61682628E+1
 
PK2     
518651 
1.20921993   
6.68873331E-2
1.01818125   
7.33975047E-3
2.86495917E-2
1.01852918E+2
 
PK3     
525647 
1.14966186   
1.47545553E-1
1.03051868   
6.70136254E-3
2.27276225E-2
1.03151953E+2
 
PK50    
521697 
1.20726293   
7.74484721E-2
7.70552379E-1
6.83502578E-3
2.52755259E-2
8.41707063E+1
 
PK51A   
529770 
1.15610775   
1.53229344E-1
7.85618966E-1
5.85597402E-3
1.94072416E-2
1.40537046E+2
 
PSK2    
569631 
1.17976082   
2.46686581E-1
9.89456945E-1
6.47987952E-3
2.04066657E-2
9.52624655E+1
 
PSK3    
552635 
8.87272110E-1
4.89592425E-1
1.04865296   
4.69824067E-3
1.61818463E-2
1.04374975E+2
 
PSK50   
558673 
1.32203488   
7.23081273E-2
8.66999557E-1
7.27864547E-3
2.79921673E-2
9.10643023E+1
 
PSK52   
603654 
1.23651155   
2.96554553E-1
9.38996044E-1
6.27578565E-3
1.90340962E-2
9.76590882E+1
 
PSK53A  
620635 
1.34340870   
2.41417935E-1
9.52896897E-1
6.75074317E-3
2.19910513E-2
1.03551457E+2
 
PSK54   
586646 
1.31533278   
1.63047369E-1
6.91494770E-1
7.19144117E-3
2.29836538E-2
9.11847820E+1
 
BK1     
510635 
1.04250541   
2.08380313E-1
9.80148200E-1
6.16568985E-3
2.12152831E-2
1.09060911E+2
 
BK3     
498651 
1.00582655   
2.12096420E-1
8.98290885E-1
6.17416136E-3
1.87792631E-2
8.88734950E+1
 
BK6     
531622 
1.00281944   
3.09568455E-1
1.01840606   
5.74715892E-3
1.92045655E-2
1.08760808E+2
 
BK7     
517642 
1.03961212   
2.31792344E-1
1.01046945   
6.00069867E-3
2.00179144E-2
1.03560653E+2
 
UBK7    
517643 
1.01237433   
2.58985218E-1
1.00021628   
5.88328615E-3
1.90239921E-2
1.04079777E+2
 
BK8     
520637 
1.05498572   
2.25825457E-1
1.00518841   
6.20952364E-3
2.01592914E-2
1.06219881E+2
 
BK10    
498670 
8.88308131E-1
3.28964475E-1
9.84610769E-1
5.16900822E-3
1.61190045E-2
9.97575331E+1
 
BALKN3  
518603 
1.11631680   
1.57260591E-1
9.14029710E-1
6.84109842E-3
2.57048762E-2
1.05919188E+2
 
K3      
518590 
1.08999358   
1.81850015E-1
9.36478693E-1
6.70233559E-3
2.54232565E-2
1.13486321E+2
 
K4      
519574 
1.18909486   
8.41359214E-2
9.30219822E-1
7.89396642E-3
3.39218995E-2
1.07049495E+2
 
K5      
522595 
1.08511833   
1.99562005E-1
9.30511663E-1
6.61099503E-3
2.41108660E-2
1.11982777E+2
 
K7      
511604 
1.12735550   
1.24412303E-1
8.27100531E-1
7.20341707E-3
2.69835916E-2
1.00384588E+2
 
K10     
501564 
1.15687082   
6.42625444E-2
8.72376139E-1
8.09424251E-3
3.86051284E-2
1.04747730E+2
 
K11     
500614 
1.16249642   
5.82613527E-2
9.05203986E-1
7.53270034E-3
3.59084464E-2
1.02404612E+2
 
K50     
523602 
1.01887866   
2.66822603E-1
9.06671962E-1
5.94871325E-3
2.15166777E-2
1.02140337E+2
 
UK50    
523604 
1.06591882   
2.19843040E-1
9.00983465E-1
6.40857884E-3
2.25474355E-2
1.01920998E+2
 
ZK1     
533580 
1.09192062   
2.23459888E-1
8.69353360E-1
6.55500130E-3
2.43712763E-2
1.02337650E+2
 
ZKN7    
508612 
1.07715032   
1.68079109E-1
8.51889892E-1
6.76601657E-3
2.30642817E-2
8.90498778E+1
 
BAK1    
573576 
1.12365662   
3.09276848E-1
8.81511957E-1
6.44742752E-3
2.22284402E-2
1.07297751E+2
 
BAK2    
540597 
1.01662154   
3.19903051E-1
9.37232995E-1
5.92383763E-3
2.03828415E-2
1.13118417E+2
 
BAK4    
569561 
1.22965526   
1.91512978E-1
9.56889792E-1
7.23553230E-3
2.77771017E-2
1.09687261E+2
 
BAK5    
557587 
1.02975108   
3.56258690E-1
9.56057190E-1
5.84732112E-3
2.04774200E-2
1.15240474E+2
 
BAK50   
568580 
9.50105082E-1
4.69379007E-1
9.21415907E-1
5.20356978E-3
1.87888644E-2
9.84079669E+1
 
SK1     
610567 
1.23997939   
3.08829519E-1
1.03366266   
6.76460788E-3
2.33830716E-2
1.14585882E+2
 
SK2     
607567 
1.28189012   
2.57738258E-1
9.68186040E-1
7.27191640E-3
2.42823527E-2
1.10377773E+2
 
SK3     
609589 
1.30663485   
2.39791700E-1
9.84058076E-1
7.08163720E-3
2.38828823E-2
1.01983392E+2
 
SK4     
613586 
1.39388834   
1.64510721E-1
9.63522479E-1
7.69147355E-3
2.71946227E-2
9.92757639E+1
 
SK5     
589613 
9.91463823E-1
4.95982121E-1
9.87393925E-1
5.22730467E-3
1.72733646E-2
9.83594579E+1
 
SK6     
614564 
1.21206115   
3.47221122E-1
9.72025014E-1
6.65602562E-3
2.24384733E-2
1.10082121E+2
 
SK7     
607595 
1.03745170   
5.04632691E-1
9.89114234E-1
5.37369046E-3
1.82926096E-2
1.02525987E+2
 
SK8     
611559 
1.29821149   
2.52817469E-1
9.77516703E-1
7.22506070E-3
2.55622691E-2
1.08370884E+2
 
SK10    
623569 
1.31658740   
2.71655949E-1
9.68687543E-1
7.12229232E-3
2.44417004E-2
1.05081566E+2
 
SK11    
564608 
1.17963631   
2.29817295E-1
9.35789652E-1
6.80282081E-3
2.19737205E-2
1.01513232E+2
 
SK12    
583595 
1.16982669   
2.97450370E-1
9.65847815E-1
6.52887127E-3
2.14033820E-2
1.05089898E+2
 
SK13    
592583 
9.22627573E-1
5.70303629E-1
9.79881211E-1
4.61930582E-3
1.80622701E-2
1.10419538E+2
 
SK14    
603606 
9.36155374E-1
5.94052018E-1
1.04374583   
4.61716525E-3
1.68859270E-2
1.03736265E+2
 
SK15    
623581 
1.29172765   
2.98392713E-1
9.55518497E-1
6.86358120E-3
2.28704312E-2
9.74779177E+1
 
SK16    
620603 
1.34317774   
2.41144399E-1
9.94317969E-1
7.04687339E-3
2.29005000E-2
9.27508526E+1
 
SK18A   
639554 
1.53857004   
9.85934131E-2
1.02309528   
8.63201486E-3
3.67156464E-2
1.00118441E+2
 
SK51    
621603 
1.44112715   
1.43968387E-1
8.81989862E-1
7.58546975E-3
2.87396017E-2
9.46838154E+1
 
SK55    
620601 
1.15265225   
4.32145290E-1
1.03215169   
5.82679114E-3
1.90244615E-2
8.81750460E+1
 
KF3     
515547 
1.15615178   
1.02116759E-1
9.27164575E-1
7.89264815E-3
3.45076496E-2
1.13531069E+2
 
KF6     
517522 
1.17006893   
9.50509747E-2
9.07409125E-1
8.14992422E-3
3.88216817E-2
1.08882299E+2
 
KF9     
523515 
1.16421867   
1.18007401E-1
9.23054885E-1
7.87954228E-3
3.72520495E-2
1.09924834E+2
 
BALF4   
580537 
1.29375981   
1.58138572E-1
9.47442773E-1
7.80228251E-3
3.21349048E-2
1.09158657E+2
 
BALF5   
547536 
1.23751018   
1.16757584E-1
8.53086255E-1
8.08113000E-3
3.49868372E-2
1.10314185E+2
 
BALF50  
589514 
1.37380053   
1.04741149E-1
1.00909296   
8.71950907E-3
3.97152827E-2
1.14462081E+2
 
SSK1    
617539 
1.42691045   
1.41195647E-1
9.86004821E-1
8.31214602E-3
3.34369911E-2
1.09701359E+2
 
SSK2    
622532 
1.41096166   
1.72425615E-1
9.87461513E-1
8.05433250E-3
3.24360835E-2
1.09899586E+2
 
SSK3    
615512 
1.39915758   
1.58923825E-1
9.91912922E-1
8.28660770E-3
3.54515342E-2
1.15227785E+2
 
SSK4A   
618551 
1.38336169   
1.87125107E-1
9.44170902E-1
7.87154985E-3
2.89352221E-2
1.05742424E+2
 
SSKN5   
658509 
1.59222659   
1.03520774E-1
1.05174016   
9.20284626E-3
4.23530072E-2
1.06927374E+2
 
SSKN8   
618498 
1.46998373   
9.63559477E-2
1.02610927   
9.03675097E-3
4.50075674E-2
1.08328743E+2
 
SSK50   
618526 
1.45562999   
1.13575966E-1
9.69520910E-1
8.70103680E-3
3.78429476E-2
1.10109218E+2
 
SSK51   
604536 
1.44260939   
8.28623622E-2
8.92805443E-1
8.90475064E-3
4.00883477E-2
1.03152733E+2
 
LAKN6   
642580 
1.15477318   
4.97049217E-1
1.00553588   
5.83257597E-3
1.94613961E-2
9.78667698E+1
 
LAKN7   
652585 
1.23679889   
4.45051837E-1
1.01745888   
6.10105538E-3
2.01388334E-2
9.06380380E+1
 
LAK8    
713538 
1.33183167   
5.46623206E-1
1.19084015   
6.20023871E-3
2.16465439E-2
8.25827736E+1
 
LAK9    
691547 
1.46231905   
3.44399589E-1
1.15508372   
7.24270156E-3
2.43353131E-2
8.54686868E+1
 
LAK10   
720504 
1.67482975   
2.22668828E-1
1.13956536   
8.49324758E-3
3.30463141E-2
8.04372553E+1
 
LAK11   
658573 
1.05088219   
6.51491084E-1
1.03286344   
4.82822430E-3
1.83961539E-2
8.98416133E+1
 
LAKN12  
678552 
1.17365704   
5.88992398E-1
9.78014394E-1
5.77031797E-3
2.00401678E-2
9.54873482E+1
 
LAKL12  
678549 
1.28115389   
4.82607607E-1
1.16553538   
6.36439821E-3
2.13764262E-2
9.32771532E+1
 
LAKN13  
694533 
1.25792373   
5.53402861E-1
1.06335742   
6.21494710E-3
2.16809853E-2
1.04494099E+2
 
LAKN14  
697554 
1.50781212   
3.18866829E-1
1.14287213   
7.46098727E-3
2.42024834E-2
8.09565165E+1
 
LAK16A  
734518 
1.57607885   
3.67649802E-1
1.16490334   
7.78079836E-3
2.59315960E-2
8.23723198E+1
 
LAK21   
640601 
1.22718116   
4.20783743E-1
1.01284843   
6.02075682E-3
1.96862889E-2
8.84370099E+1
 
LAKL21  
640598 
1.29854376   
3.50521897E-1
1.17089829   
6.28043610E-3
2.10842688E-2
8.54204779E+1
 
LAKN22  
651559 
1.14229781   
5.35138441E-1
1.04088385   
5.85778594E-3
1.98546147E-2
1.00834017E+2
 
LAK23   
669574 
1.12743279   
6.08744560E-1
9.98634884E-1
5.25834509E-3
1.89138834E-2
8.75468054E+1
 
LAK28   
744508 
1.50441986   
4.74120561E-1
1.17784354   
7.19665592E-3
2.49143227E-2
8.31443210E+1
 
LAK31   
697564 
1.41824715   
4.09404103E-1
1.15432487   
6.79114675E-3
2.19284910E-2
8.03980528E+1
 
LAK33   
754524 
1.45796869   
5.55403936E-1
1.19938794   
6.80545280E-3
2.25253283E-2
8.27543327E+1
 
LLF1    
548458 
1.21640125   
1.33664540E-1
8.83399468E-1
8.57807248E-3
4.20143003E-2
1.07593060E+2
 
LLF2    
541472 
1.21698785   
1.12444132E-1
8.39332216E-1
8.67187700E-3
4.26921868E-2
1.02332654E+2
 
LLF6    
532488 
1.20066684   
1.03689050E-1
9.54739381E-1
8.51610832E-3
4.18805113E-2
1.14989738E+2
 
LLF7    
549454 
1.22924701   
1.22565819E-1
8.88850802E-1
8.86069707E-3
4.33083564E-2
1.06216061E+2
 
BAF3    
583465 
1.32064267   
1.33572683E-1
8.85521821E-1
8.87798715E-3
4.20290346E-2
1.11729167E+2
 
BAF4    
606439 
1.37492590   
1.46354500E-1
9.12643359E-1
9.29554343E-3
4.40426654E-2
1.16607899E+2
 
BAFN6   
589485 
1.36719201   
1.09079940E-1
1.02108011   
8.82820704E-3
4.38731646E-2
1.13586020E+2
 
BAF8    
624470 
1.44967157   
1.31600677E-1
9.39224513E-1
9.19052911E-3
4.25730108E-2
1.12153963E+2
 
BAF9    
643480 
1.51018771   
1.33636807E-1
9.53993948E-1
9.18095301E-3
4.16449600E-2
1.08048765E+2
 
BAFN10  
670471 
1.60477289   
1.23762468E-1
1.07270520   
9.47021617E-3
4.51639792E-2
1.08539427E+2
 
BAFN11  
667484 
1.60255217   
1.16918887E-1
1.02861126   
9.38812347E-3
4.40475344E-2
1.04533133E+2
 
BAF13   
669450 
1.57068590   
1.51295152E-1
1.07638026   
9.39377487E-3
4.49479866E-2
1.13934126E+2
 
BAF50   
683445 
1.63007175   
1.35169289E-1
1.15329734   
1.00982735E-2
4.54580137E-2
1.21435251E+2
 
BAF51   
652449 
1.53230421   
1.36199171E-1
1.12286850   
9.68269679E-3
4.48275598E-2
1.23775879E+2
 
BAF52   
609464 
1.41632142   
1.17331190E-1
9.34114782E-1
9.28783144E-3
4.49910150E-2
1.14125561E+2
 
LF5     
581409 
1.28035628   
1.63505973E-1
8.93930112E-1
9.29854416E-3
4.49135769E-2
1.10493685E+2
 
LF7     
575415 
1.26879731   
1.56697051E-1
8.87676301E-1
9.19553925E-3
4.47256764E-2
1.06820361E+2
 
LF8     
564438 
1.26627830   
1.30098033E-1
8.67351579E-1
9.15809921E-3
4.47614219E-2
1.07013243E+2
 
F1      
626357 
1.36192123   
2.09162831E-1
9.07276681E-1
1.02049225E-2
4.80290444E-2
1.09211919E+2
 
F2      
620364 
1.34533359   
2.09073176E-1
9.37357162E-1
9.97743871E-3
4.70450767E-2
1.11886764E+2
 
F3      
613370 
1.32797322   
2.05862833E-1
9.04336126E-1
9.77102802E-3
4.63606329E-2
1.07863739E+2
 
F4      
617366 
1.33905825   
2.05224318E-1
8.97859758E-1
9.92220114E-3
4.70000918E-2
1.07936750E+2
 
F5      
603380 
1.31044630   
1.96034260E-1
9.66129770E-1
9.58633048E-3
4.57627627E-2
1.15011883E+2
 
F6      
636353 
1.38640043   
2.16317468E-1
9.20242786E-1
1.03119848E-2
4.82391922E-2
1.11029425E+2
 
F7      
625356 
1.35918954   
2.09887471E-1
8.81405771E-1
1.01796354E-2
4.83605548E-2
1.10387289E+2
 
F8      
596392 
1.31172466   
1.72480274E-1
8.40159209E-1
9.65177918E-3
4.61712161E-2
1.00046795E+2
 
F9      
620381 
1.37298383   
1.86344373E-1
9.96847110E-1
9.70906764E-3
4.77952149E-2
1.09902441E+2
 
FN11    
621362 
1.41572926   
1.43334227E-1
1.27299252   
1.03749731E-2
5.68803594E-2
1.19664491E+2
 
F13     
622360 
1.35316545   
2.07756817E-1
9.02160492E-1
1.00820559E-2
4.77132466E-2
1.09426810E+2
 
F14     
601382 
1.31949846   
1.81106999E-1
9.21850182E-1
9.80475193E-3
4.65330997E-2
1.09855329E+2
 
F15     
606378 
1.31031527   
2.02636884E-1
9.20049222E-1
9.54034890E-3
4.55807051E-2
1.09864711E+2
 
BASF1   
626390 
1.40045640   
1.76868590E-1
9.24677441E-1
9.89899663E-3
4.74295359E-2
1.15946483E+2
 
BASF2   
664358 
1.47886368   
2.12804538E-1
9.96610609E-1
1.04304076E-2
4.94153751E-2
1.20570613E+2
 
BASF6   
668419 
1.54539456   
1.67516483E-1
1.06395978   
9.71809489E-3
4.66350263E-2
1.18420619E+2
 
BASF10  
650392 
1.47552633   
1.77120646E-1
9.42502177E-1
1.01493287E-2
4.77578380E-2
1.18726332E+2
 
BASF12  
670392 
1.54701890   
1.68942059E-1
9.74756333E-1
1.02837719E-2
4.96949620E-2
1.11173296E+2
 
BASF13  
698386 
1.61151995   
1.92652792E-1
1.09087467   
1.00754928E-2
5.00718641E-2
1.10402848E+2
 
BASF51  
724381 
1.67507496   
2.12822109E-1
9.66557263E-1
1.05667060E-2
4.76664644E-2
9.20388572E+1
 
BASF52  
702410 
1.63872281   
1.84589266E-1
1.00747347   
9.93238976E-3
4.62893289E-2
8.16163799E+1
 
BASF54  
736322 
1.64803910   
2.66170161E-1
1.15420131   
1.11759917E-2
5.33321565E-2
1.19495098E+2
 
BASF56  
657367 
1.46891540   
2.01528500E-1
9.60506292E-1
1.03259426E-2
4.89113995E-2
1.16457211E+2
 
BASF57  
651419 
1.47160842   
1.90746436E-1
1.04759046   
9.15435575E-3
4.44771291E-2
1.10563253E+2
 
BASF64A 
704394 
1.65554268   
1.71319770E-1
1.33664448   
1.04485644E-2
4.99394756E-2
1.18961472E+2
 
LAF2    
744447 
1.75302282   
2.13978997E-1
1.09939444   
9.57243296E-3
4.02787459E-2
1.02533259E+2
 
LAF3    
717480 
1.73155854   
1.50874455E-1
1.06586596   
9.53833914E-3
4.07887211E-2
9.80758545E+1
 
LAFN7   
750350 
1.66842615   
2.98512803E-1
1.07743760   
1.03159999E-2
4.69216348E-2
8.25078509E+1
 
LAFN8   
735416 
1.75346053   
1.79853972E-1
1.03072863   
1.02514872E-2
4.66225111E-2
8.61010298E+1
 
LAF9    
795284 
1.75303976   
3.42145763E-1
1.04243134   
1.25249595E-2
5.47228047E-2
1.04326262E+2
 
LAFN10  
784440 
1.87199658   
2.32399212E-1
1.29453872   
9.67115690E-3
4.06265981E-2
8.71629425E+1
 
LAF11A  
757317 
1.66890817   
3.11963471E-1
9.76838785E-1
1.13869898E-2
5.00311048E-2
8.73247266E+1
 
LAF13   
776378 
1.81139531   
2.48608825E-1
1.10753882   
1.06588376E-2
4.67089164E-2
9.16857805E+1
 
LAF20   
682482 
1.65107169   
1.18474934E-1
1.11548729   
9.70502320E-3
4.28927477E-2
1.14057600E+2
 
LAFN21  
788475 
1.88298347   
2.40214668E-1
1.23537623   
9.36029744E-3
3.54026371E-2
8.43919934E+1
 
LAF22A  
782372 
1.85985046   
2.19921174E-1
1.34141119   
1.09833145E-2
5.08016771E-2
1.14555542E+2
 
LAFN23  
689497 
1.65263149   
1.39745768E-1
9.38734334E-1
9.31143124E-3
3.91167497E-2
9.82388615E+1
 
LAFN24  
757478 
1.70960358   
3.08712672E-1
1.24764001   
8.36251592E-3
3.24824713E-2
8.48077463E+1
 
LAFN28  
773496 
1.75882549   
3.15197670E-1
1.19029675   
8.72810026E-3
2.93020832E-2
8.51780644E+1
 
LASF3   
808406 
1.95904308   
2.19800634E-1
1.33464105   
1.04346704E-2
4.65504111E-2
8.79058457E+1
 
LASFN9  
850322 
1.97888194   
3.20435298E-1
1.92900751   
1.18537266E-2
5.27381770E-2
1.66256540E+2
 
LASF14A 
822375 
1.96556958   
2.55068760E-1
1.41243693   
1.07141896E-2
4.90295924E-2
9.22399234E+1
 
LASFN15 
878381 
2.08894974   
3.27776152E-1
1.52128728   
1.09012831E-2
4.35007930E-2
1.01183881E+2
 
LASF18A 
913324 
2.19336604   
3.32590474E-1
1.69849859   
1.21930864E-2
5.32519989E-2
1.06853100E+2
 
LASFN30 
803464 
1.78301085   
3.88968359E-1
1.30150440   
8.72506277E-3
3.08085023E-2
9.27743824E+1
 
LASFN31 
881410 
1.71317198   
7.18575109E-1
1.72332470   
8.19172228E-3
2.97801704E-2
1.38461313E+2
 
LASF32  
803304 
1.84090995   
2.93072829E-1
2.01291806   
1.20090975E-2
5.60733922E-2
1.52278654E+2
 
LASF33  
806342 
1.90477227   
2.48374150E-1
1.18108995   
1.17756540E-2
5.28082514E-2
1.08154737E+2
 
LASF35  
1022291
2.45505861   
4.53006077E-1
2.38513080   
1.35670404E-2
5.45803020E-2
1.67904715E+2
 
LASF36A 
797351 
1.86870418   
2.57335292E-1
1.74621521   
1.12660196E-2
5.09972123E-2
1.49125471E+2
 
SF1     
717295 
1.55912923   
2.84246288E-1
9.68842926E-1
1.21481001E-2
5.34549042E-2
1.12174809E+2
 
SF2     
648339 
1.40301821   
2.31767504E-1
9.39056586E-1
1.05795466E-2
4.93226978E-2
1.12405955E+2
 
SF3     
740282 
1.57230542   
3.39661149E-1
1.03593712   
1.20382183E-2
5.31603583E-2
1.20005381E+2
 
SF4     
755276 
1.61957826   
3.39493189E-1
1.02566931   
1.25502104E-2
5.44559822E-2
1.17652222E+2
 
SFL4    
755272 
1.68435238   
2.75877735E-1
1.80248458   
1.28694384E-2
6.09799581E-2
1.59614443E+2
 
SF5     
673322 
1.46141885   
2.47713019E-1
9.49995832E-1
1.11826126E-2
5.08594669E-2
1.12041888E+2
 
SF6     
805254 
1.72448482   
3.90104889E-1
1.04572858   
1.34871947E-2
5.69318095E-2
1.18557185E+2
 
SFL6    
805254 
1.78922056   
3.28427448E-1
2.01639441   
1.35163537E-2
6.22729599E-2
1.68014713E+2
 
SF8     
689312 
1.49514446   
2.62529687E-1
9.69567597E-1
1.14990201E-2
5.17170156E-2
1.13458641E+2
 
SF9     
654337 
1.41373875   
2.41835903E-1
1.01292278   
1.05642379E-2
4.90126431E-2
1.17884362E+2
 
SF10    
728284 
1.61625977   
2.59229334E-1
1.07762317   
1.27534559E-2
5.81983954E-2
1.16607680E+2
 
SF11    
785258 
1.73848403   
3.11168974E-1
1.17490871   
1.36068604E-2
6.15960463E-2
1.21922711E+2
 
SF12    
648338 
1.39867348   
2.38403762E-1
1.03604466   
1.03415646E-2
4.92696913E-2
1.18327782E+2
 
SF13    
741276 
1.65582508   
2.57423297E-1
1.09216931   
1.31676446E-2
6.04328022E-2
1.16322468E+2
 
SF14    
762265 
1.69182538   
2.85919934E-1
1.12595145   
1.33151542E-2
6.12647445E-2
1.18405242E+2
 
SF15    
699301 
1.53925927   
2.47620926E-1
1.03816409   
1.19307961E-2
5.56077536E-2
1.16416747E+2
 
SF16    
646341 
1.40807178   
2.22238425E-1
9.27122336E-1
1.06739770E-2
4.96646920E-2
1.10900330E+2
 
SF18    
722293 
1.56441436   
2.91413580E-1
9.60307888E-1
1.21863935E-2
5.35567966E-2
1.11451201E+2
 
SF19    
667330 
1.45495978   
2.37838143E-1
9.58586139E-1
1.09532717E-2
5.05230583E-2
1.09770239E+2
 
SF53    
728287 
1.56973534   
3.06366017E-1
1.03021429   
1.20851905E-2
5.41694051E-2
1.17353733E+2
 
SF54    
741281 
1.60371792   
3.10740554E-1
1.03053604   
1.24263783E-2
5.51896382E-2
1.15762058E+2
 
SF55    
762270 
1.64681240   
3.31540164E-1
1.02465769   
1.28731296E-2
5.64818124E-2
1.16270992E+2
 
SF56A   
785261 
1.70579259   
3.44223052E-1
1.09601828   
1.33874699E-2
5.79561608E-2
1.21616024E+2
 
SFL56   
785261 
1.75126105   
3.01566630E-1
1.89211398   
1.33187209E-2
6.21436403E-2
1.57884093E+2
 
SF57    
847238 
1.81651371   
4.28893641E-1
1.07186278   
1.43704198E-2
5.92801172E-2
1.21419942E+2
 
SFL57   
847236 
1.88742326   
3.60534025E-1
2.26189313   
1.45939341E-2
6.48198946E-2
1.76062211E+2
 
SF58    
918215 
1.92184332   
5.52191937E-1
1.11643502   
1.49262604E-2
6.14139252E-2
1.23450367E+2
 
SF59    
952204 
2.05775824   
5.28644661E-1
1.00043574   
1.67799599E-2
6.55335804E-2
1.10002549E+2
 
SF63    
748277 
1.62174406   
3.15965826E-1
1.03248928   
1.26014263E-2
5.57275798E-2
1.16478183E+2
 
SF64A   
706303 
1.60088314   
2.10665258E-1
1.50114373   
1.20157497E-2
6.01645745E-2
1.36256449E+2
 
TIF3    
548422 
1.22927703   
1.16802717E-1
1.05306668   
8.52950666E-3
5.28174592E-2
1.17616359E+2
 
TIFN5   
594355 
1.32754366   
1.46368803E-1
1.17272891   
1.00180695E-2
5.72806316E-2
1.23529685E+2
 
TIF6    
617310 
1.40069329   
1.34903418E-1
9.24097449E-1
1.09426015E-2
7.08666547E-2
9.94792445E+1
 
KZFN1   
551496 
1.19949942   
1.63891773E-1
8.90412049E-1
7.67704289E-3
3.52898056E-2
9.43366502E+1
 
KZFN2   
529516 
1.12337304   
1.77617693E-1
8.49213044E-1
7.12846561E-3
3.17291201E-2
8.49656713E+1
 
KZFS1   
613443 
1.36618048   
1.82049028E-1
8.64314609E-1
8.73165063E-3
3.89834096E-2
6.29392443E+1
 
KZFSN2  
558542 
1.26169705   
1.28881191E-1
8.98521214E-1
7.67420045E-3
3.30129627E-2
7.08271139E+1
 
KZFSN4  
613443 
1.37994218   
1.68496708E-1
8.74885726E-1
8.91159699E-3
4.05334070E-2
6.96628237E+1
 
KZFSN5  
654396 
1.47727858   
1.91686941E-1
8.97333608E-1
9.75488335E-3
4.50495404E-2
6.78786495E+1
 
KZFS6   
592485 
1.35163564   
1.35759794E-1
8.44490002E-1
8.49653173E-3
3.88357230E-2
6.72773371E+1
 
KZFS7A  
681374 
1.53916293   
2.09618759E-1
9.36171329E-1
1.02662460E-2
4.71104946E-2
7.16979327E+1
 
KZFS8   
720346 
1.60299210   
2.67572377E-1
9.76091468E-1
1.06584622E-2
4.76203179E-2
7.64325728E+1
 
KZFSN9  
599469 
1.35457004   
1.51346035E-1
8.80334400E-1
8.58526768E-3
3.90569325E-2
6.96889290E+1
 
EOS
