BSC510644
510644
2.2510389
-9.7372037E-3
1.0255993E-2
2.5349261E-4
-1.6305194E-5
1.0056745E-6
0.915
0.941
0.980
0.982
0.982
0.987
0.989
0.992
0.991
0.990
0.988
0.981
0.965
0.976
0.992
0.993
0.993
0.995
0.996
0.997
0.996
0.996
0.995
0.992
0.0355
0.0243
0.0081
0.0073
0.0073
0.0052
0.0044
0.0032
0.0036
0.0040
0.0048
0.0077
34/30
0.041
2.49
1
1
77
559
750
N
N

BSC517642
517642
2.2719861
-9.9792138E-3
1.0384437E-2
2.9801738E-4
-2.2344013E-5
1.3100322E-6
0.857
0.938
0.978
0.977
0.973
0.979
0.982
0.983
0.981
0.991
0.986
0.986
0.939
0.975
0.991
0.991
0.989
0.992
0.993
0.993
0.992
0.996
0.994
0.994
0.0617
0.0256
0.0089
0.0093
0.0109
0.0085
0.0073
0.0069
0.0077
0.0036
0.0056
0.0056
35/31
0.043
2.51
0
1
73
554
713
3.00
1

HC519604
519604
2.2755233
-8.7399531E-3
1.1317492E-2
2.7778083E-4
-1.5068080E-5
1.0122437E-6
0.897
0.930
0.978
0.978
0.976
0.975
0.987
0.988
0.985
0.976
0.972
0.983
0.957
0.971
0.991
0.991
0.990
0.990
0.995
0.995
0.994
0.990
0.989
0.993
0.0435
0.0290
0.0089
0.0089
0.0097
0.0101
0.0052
0.0048
0.0060
0.0097
0.0114
0.0069
35/30
0.043
2.53
0
1
82
533
710
N
N

HC524592
524592
2.2891166
-8.3981831E-3
1.1925905E-2
2.3109517E-4
-7.3252988E-6
6.2700892E-7
0.918
0.939
0.977
0.982
0.980
0.981
0.990
0.991
0.985
0.980
0.970
0.962
0.966
0.975
0.991
0.993
0.992
0.992
0.996
0.996
0.994
0.992
0.988
0.985
0.0342
0.0252
0.0093
0.0073
0.0081
0.0077
0.0040
0.0036
0.0060
0.0081
0.0122
0.0155
34/31
0.044
2.55
0
1
84
545
713
2.79
1.04

ZC508612
508612
2.2434398
-1.0041092E-2
1.0606222E-2
3.0143439E-4
-2.0173041E-5
1.2316250E-6
0.747
0.872
0.954
0.968
0.974
0.982
0.990
0.994
0.991
0.992
0.991
0.990
0.890
0.947
0.981
0.987
0.990
0.993
0.996
0.998
0.996
0.997
0.996
0.996
0.1167
0.0548
0.0188
0.0130
0.0105
0.0073
0.0040
0.0024
0.0036
0.0032
0.0036
0.0040
36/31
0.041
2.49
0
1
50
532
717
3.84
1.26

MBC569561
569561
2.4219945
-9.1914615E-3
1.3596037E-2
4.2455573E-4
-2.8144548E-5
1.9280370E-6
0.875
0.945
0.981
0.987
0.989
0.990
0.995
0.996
0.996
0.995
0.992
0.991
0.948
0.978
0.992
0.995
0.996
0.996
0.998
0.998
0.998
0.998
0.997
0.996
0.0534
0.0226
0.0077
0.0052
0.0044
0.0040
0.0020
0.0016
0.0016
0.0020
0.0032
0.0036
35/31
0.049
3.10
0
3.2.a
77
550
704
3.07
0.77

MBC572577
572577
2.4334285
-9.5756967E-3
1.3564838E-2
3.1087811E-4
-1.1364203E-5
9.0638097E-7
0.781
0.907
0.966
0.979
0.983
0.987
0.993
0.996
0.994
0.993
0.991
0.989
0.906
0.962
0.986
0.992
0.993
0.995
0.997
0.998
0.998
0.997
0.996
0.996
0.0989
0.0390
0.0138
0.0085
0.0069
0.0052
0.0028
0.0016
0.0024
0.0028
0.0036
0.0044
36/31
0.049
3.14
0
4.2.a
69
574
724
N
N

DBC564608
564608
2.4100918
-9.6203332E-3
1.2684351E-2
2.7273919E-4
-1.0652907E-5
7.1487596E-7
0.886
0.953
0.986
0.984
0.983
0.986
0.991
0.994
0.993
0.993
0.994
0.991
0.953
0.981
0.994
0.994
0.993
0.994
0.996
0.998
0.997
0.997
0.998
0.996
0.0484
0.0123
0.0056
0.0065
0.0069
0.0056
0.0036
0.0024
0.0028
0.0028
0.0024
0.0036
34/30
0.049
3.08
1
2.1.a
66
603
741
N
N

DBC569631
569631
2.4269846
-1.0548200E-2
1.2257244E-2
2.7734758E-4
-1.3328025E-5
8.1733631E-7
0.769
0.911
0.971
0.980
0.983
0.987
0.992
0.995
0.992
0.991
0.988
0.987
0.900
0.963
0.988
0.992
0.993
0.995
0.997
0.998
0.997
0.996
0.995
0.995
0.1051
0.0373
0.0118
0.0081
0.0069
0.0052
0.0032
0.0020
0.0032
0.0036
0.0048
0.0052
36/31
0.049
3.05
1
6.1.a
71
587
713
2.44
0.76

DBC589613
589613
2.4880996
-1.0865674E-2
1.3603321E-2
1.6793365E-4
7.7088504E-6
-2.6369326E-7
0.715
0.898
0.963
0.980
0.983
0.985
0.991
0.994
0.993
0.994
0.993
0.992
0.874
0.958
0.985
0.992
0.993
0.994
0.996
0.998
0.997
0.998
0.997
0.997
0.1342
0.0430
0.0151
0.0081
0.0069
0.0060
0.0036
0.0024
0.0028
0.0024
0.0028
0.0032
36/31
0.052
3.29
1
6.2.c.
56
632
760
N
N

DBC603606
603606
2.5309007
-1.0631549E-2
1.3977200E-2
2.9146076E-4
-1.0525142E-5
7.2155392E-7
0.694
0.887
0.957
0.972
0.973
0.977
0.986
0.989
0.986
0.990
0.990
0.987
0.864
0.953
0.983
0.988
0.989
0.991
0.994
0.996
0.994
0.996
0.996
0.995
0.1461
0.0480
0.0176
0.0114
0.0109
0.0093
0.0056
0.0044
0.0056
0.0040
0.0040
0.0052
36/31
0.052
3.44
1
6.1.a
63
641
757
N
N

DBC610573
610573
2.5496761
-9.4931114E-3
1.5469667E-2
1.8175391E-4
1.4027286E-5
-5.9025751E-7
0.466
0.773
0.913
0.959
0.966
0.972
0.986
0.990
0.985
0.980
0.972
0.963
0.737
0.902
0.964
0.983
0.986
0.988
0.994
0.996
0.994
0.992
0.988
0.985
0.3054
0.1030
0.0364
0.0167
0.0138
0.0114
0.0056
0.0040
0.0060
0.0081
0.0114
0.0151
36/32
0.055
3.56
1
5.4.a
63
638
775
N
N

DBC613586
613586
2.5588474
-9.9793782E-3
1.4891523E-2
2.9280423E-4
-7.4681694E-6
6.4717813E-7
0.629
0.865
0.953
0.972
0.978
0.982
0.987
0.991
0.990
0.986
0.979
0.984
0.831
0.944
0.981
0.988
0.991
0.993
0.995
0.996
0.996
0.994
0.992
0.993
0.1854
0.0580
0.0193
0.0114
0.0090
0.0073
0.0052
0.0036
0.0040
0.0056
0.0085
0.0065
37/32
0.055
3.56
1
6.1.b
76
628
N
N
N

DBC620603
620603
2.5848723
-1.0899926E-2
1.4526338E-2
3.4362079E-4
-1.7677314E-5
1.1627973E-6
0.649
0.872
0.951
0.975
0.980
0.981
0.988
0.992
0.991
0.991
0.991
0.991
0.841
0.947
0.980
0.990
0.992
0.992
0.995
0.997
0.996
0.996
0.996
0.996
0.1729
0.0543
0.0201
0.0101
0.0081
0.0077
0.0048
0.0032
0.0036
0.0036
0.0036
0.0036
37/32
0.056
3.60
1
6.1.b
71
636
750
1.84
0.78

DBCT623581
623581
2.5906873
-1.0286714E-2
1.5369775E-2
3.0538758E-4
-7.2308623E-6
5.9709172E-7
0.708
0.892
0.956
0.975
0.978
0.983
0.990
0.992
0.991
0.994
0.988
0.984
0.871
0.955
0.982
0.990
0.991
0.993
0.996
0.997
0.996
0.998
0.995
0.993
0.1381
0.0457
0.0180
0.0101
0.0089
0.0069
0.0040
0.0032
0.0036
0.0024
0.0048
0.0065
38/33
0.057
3.44
1
5.3.b
63
652
770
N
N

DBC623569
623569
2.5887700
-9.6401276E-3
1.5700749E-2
3.1947329E-4
-7.1973656E-6
6.2680219E-7
0.570
0.834
0.935
0.971
0.978
0.982
0.990
0.993
0.991
0.989
0.987
0.990
0.799
0.930
0.973
0.988
0.991
0.993
0.996
0.997
0.996
0.996
0.995
0.996
0.2248
0.0726
0.0269
0.0118
0.0089
0.0073
0.0040
0.0028
0.0036
0.0044
0.0052
0.0040
36/31
0.056
3.66
1
6.2.b
69
631
N
N
N

DBC639554
639554
2.6377820
-1.0479725E-2
1.6454543E-2
3.8157079E-4
-1.2426535E-5
1.2355685E-6
0.301
0.700
0.888
0.958
0.970
0.982
0.991
0.995
0.995
0.991
0.987
0.988
0.619
0.867
0.954
0.983
0.988
0.993
0.996
0.998
0.998
0.996
0.995
0.995
0.4803
0.1427
0.0475
0.0172
0.0122
0.0073
0.0036
0.0020
0.0020
0.0036
0.0052
0.0048
39/34
0.059
3.70
1
6.2.b
67
645
750
N
N

DBC658509
658509
2.6962477
-9.9932159E-3
1.8619947E-2
4.5448536E-4
-1.0109234E-5
1.5443059E-6
0.354
0.745
0.898
0.950
0.963
0.973
0.986
0.993
0.993
0.992
0.990
0.988
0.660
0.889
0.958
0.980
0.985
0.988
0.994
0.997
0.997
0.997
0.996
0.995
0.4154
0.1177
0.0430
0.0205
0.0151
0.0109
0.0056
0.0028
0.0028
0.0032
0.0040
0.0048
38/34
0.062
3.77
1
5.2.a
70
635
745
2.10
0.65

TF530512
530512
2.3027942
-8.7241187E-3
1.3575970E-2
3.4833858E-4
-8.6519364E-6
1.1188574E-6
0.723
0.862
0.950
0.967
0.972
0.980
0.985
0.989
0.985
0.986
0.986
0.978
0.878
0.942
0.980
0.987
0.989
0.992
0.994
0.996
0.994
0.994
0.994
0.991
0.1297
0.0594
0.0205
0.0134
0.0114
0.0081
0.0060
0.0044
0.0060
0.0056
0.0056
0.0089
36/32
0.044
2.70
2
1
67
465
683
3.57
1.00

BF606439
606439
2.5218040
-8.2349735E-3
1.8892580E-2
5.0766742E-4
-3.1643470E-6
1.8243690E-6
0.619
0.821
0.931
0.956
0.964
0.973
0.985
0.990
0.987
0.986
0.985
0.980
0.825
0.924
0.972
0.982
0.985
0.989
0.994
0.996
0.995
0.994
0.994
0.992
0.1919
0.0789
0.0286
0.0180
0.0147
0.0109
0.0060
0.0040
0.0052
0.0056
0.0060
0.0081
37/32
0.055
3.48
1
2.1.a
82
477
667
N
N

BF700412
700412
2.8173957
-1.1109494E-2
2.4347648E-2
6.9428426E-4
-4.1354026E-6
2.8796796E-6
0.059
0.453
0.754
0.888
0.937
0.959
0.984
0.991
0.989
0.990
0.989
0.988
0.322
0.729
0.893
0.954
0.974
0.983
0.994
0.996
0.996
0.996
0.996
0.985
1.1321
0.3167
0.1129
0.0475
0.0260
0.0167
0.0065
0.0036
0.0044
0.0040
0.0044
0.0048
40/35
0.068
4.10
1
7.1.b
75
585
700
2.08
0.54

BF702410
702410
2.8218777
-9.2758001E-3
2.4582798E-2
7.6345948E-4
-1.6478811E-5
3.7717562E-6
0.069
0.498
0.800
0.911
0.952
0.972
0.989
0.992
0.991
0.991
0.989
0.989
0.343
0.757
0.915
0.963
0.980
0.989
0.996
0.997
0.996
0.996
0.996
0.996
1.0695
0.2789
0.0893
0.0373
0.0197
0.0114
0.0044
0.0032
0.0036
0.0036
0.0044
0.0044
40/35
0.068
4.07
0
7.3.a
72
586
704
N
N

BORF614439
614439
2.5509444
-1.3149070E-2
1.8445649E-2
6.7664266E-4
-3.0588501E-5
3.1847016E-6
0.406
0.726
0.891
0.954
0.976
0.986
0.992
0.993
0.989
0.980
0.980
0.983
0.697
0.888
0.955
0.981
0.990
0.994
0.997
0.997
0.996
0.992
0.992
0.993
0.3606
0.1281
0.0462
0.0188
0.0097
0.0056
0.0032
0.0028
0.0044
0.0081
0.0081
0.0069
39/32
0.056
3.25
1
6.1.b
58
450
560
3.36
0.74

ELF541472
541472
2.3300496
-8.6626799E-3
1.4963095E-2
4.2043820E-4
-9.6401866E-6
1.6268434E-6
0.953
0.975
0.990
0.990
0.988
0.989
0.990
0.991
0.991
0.993
0.989
0.993
0.981
0.990
0.996
0.996
0.995
0.996
0.996
0.996
0.996
0.997
0.996
0.997
0.0193
0.0101
0.0040
0.0040
0.0048
0.0044
0.0040
0.0036
0.0036
0.0028
0.0044
0.0028
34/31
0.046
2.87
1
1
83
440
629
N
N

ELF548456
548456
2.3493710
-8.8079860E-3
1.5554543E-2
5.0707268E-4
-1.8851080E-5
2.2842367E-6
0.841
0.917
0.971
0.976
0.977
0.982
0.988
0.993
0.989
0.987
0.982
0.978
0.933
0.966
0.988
0.990
0.991
0.993
0.995
0.997
0.996
0.995
0.993
0.991
0.0693
0.0347
0.0118
0.0097
0.0093
0.0073
0.0048
0.0028
0.0044
0.0052
0.0073
0.0089
34/31
0.047
2.95
1
1
81
478
630
3.22
0.90

LF567428
567428
2.4045351
-8.5796473E-3
1.7519527E-2
4.9146970E-4
-3.9475966E-6
1.9390506E-6
0.932
0.964
0.988
0.989
0.989
0.990
0.991
0.992
0.992
0.992
0.995
0.992
0.972
0.985
0.995
0.996
0.996
0.996
0.996
0.997
0.997
0.997
0.998
0.997
0.0282
0.0147
0.0048
0.0044
0.0044
0.0040
0.0036
0.0032
0.0032
0.0032
0.0020
0.0032
34/31
0.049
3.11
1
1
87
433
615
N
N

LF573426
573426
2.4215389
-8.5387814E-3
1.7836862E-2
5.1983368E-4
-6.7194356E-6
2.1179771E-6
0.861
0.934
0.985
0.981
0.979
0.983
0.988
0.991
0.990
0.995
0.992
0.990
0.942
0.973
0.994
0.992
0.992
0.993
0.995
0.996
0.996
0.998
0.997
0.996
0.0599
0.0273
0.0061
0.0077
0.0085
0.0069
0.0048
0.0036
0.0040
0.0020
0.0032
0.0040
35/32
0.050
3.16
1
1
87
432
604
N
N

LF579411
579411
2.4352073
-7.2045006E-3
1.8916068E-2
5.2444065E-4
-4.0123406E-6
2.2802919E-6
0.816
0.908
0.969
0.974
0.973
0.978
0.984
0.987
0.986
0.987
0.987
0.980
0.922
0.962
0.987
0.990
0.989
0.991
0.993
0.995
0.994
0.995
0.995
0.992
0.0813
0.0386
0.0126
0.0105
0.0109
0.0089
0.0065
0.0052
0.0056
0.0052
0.0052
0.0081
36/32
0.050
3.23
1
1
80
439
584
N
N

LF581409
581409
2.4446277
-8.6229853E-3
1.8709250E-2
6.4451439E-4
-2.1589941E-5
3.3466868E-6
0.865
0.935
0.977
0.981
0.981
0.985
0.989
0.992
0.991
0.991
0.992
0.988
0.944
0.973
0.991
0.992
0.992
0.994
0.996
0.997
0.996
0.996
0.997
0.995
0.0580
0.0269
0.0093
0.0077
0.0077
0.0060
0.0044
0.0032
0.0036
0.0036
0.0032
0.0048
35/32
0.051
3.23
1
1
98
424
N
N
N

LF582421
582421
2.4485072
-8.9283052E-3
1.8340440E-2
5.6225012E-4
-1.0167293E-5
2.4451842E-6
0.862
0.948
0.985
0.984
0.985
0.989
0.994
0.994
0.994
0.994
0.994
0.995
0.942
0.979
0.994
0.994
0.994
0.996
0.998
0.998
0.998
0.998
0.998
0.998
0.0594
0.0214
0.0060
0.0065
0.0060
0.0044
0.0024
0.0024
0.0024
0.0024
0.0024
0.0020
34/32
0.051
3.21
1
1
83
453
607
N
N

DF620364
620364
2.5552054
-8.6205092E-3
2.2547765E-2
8.7146250E-4
-2.7370738E-5
4.9410668E-6
0.749
0.889
0.958
0.972
0.977
0.986
0.992
0.993
0.995
0.996
0.996
0.995
0.891
0.954
0.983
0.989
0.991
0.994
0.997
0.997
0.998
0.998
0.998
0.998
0.1156
0.0471
0.0172
0.0114
0.0093
0.0056
0.0032
0.0028
0.0020
0.0016
0.0016
0.0020
36/32
0.056
3.63
1
1
89
430
580
2.93
0.88

DF626357
626357
2.5714963
-8.6949311E-3
2.3681753E-2
7.2760362E-4
1.6421200E-6
3.4425419E-6
0.640
0.852
0.943
0.962
0.969
0.976
0.985
0.989
0.989
0.993
0.989
0.987
0.837
0.938
0.977
0.985
0.987
0.990
0.994
0.996
0.996
0.997
0.996
0.995
0.1785
0.0641
0.0235
0.0155
0.0126
0.0097
0.0060
0.0044
0.0044
0.0028
0.0044
0.0052
36/33
0.057
3.66
1
1
84
438
595
N
N

EDF648338
648338
2.6377366
-9.0706744E-3
2.5598170E-2
9.9992632E-4
-2.7201251E-5
6.3783093E-6
N
0.397
0.768
0.891
0.929
0.952
0.975
0.985
0.982
0.985
0.992
0.989
N
0.691
0.900
0.955
0.971
0.980
0.990
0.994
0.993
0.994
0.997
0.996
N
0.3695
0.1056
0.0462
0.0295
0.0197
0.0101
0.0060
0.0073
0.0060
0.0032
0.0044
39/35
0.060
3.74
1
1
77
464
N
N
N

EDF653335
653335
2.6524939
-8.7693000E-3
2.6508939E-2
8.8323962E-4
2.3363977E-7
4.4897660E-6
0.482
0.771
0.908
0.944
0.955
0.968
0.982
0.988
0.990
0.992
0.995
0.993
0.747
0.901
0.962
0.977
0.982
0.987
0.993
0.995
0.996
0.997
0.998
0.997
0.2919
0.1040
0.0386
0.0231
0.0184
0.0130
0.0073
0.0048
0.0040
0.0032
0.0020
0.0032
38/33
0.062
3.90
1
2.1.a
84
412
578
N
N

EDF699301
699301
2.7878195
-9.3752142E-3
3.1296548E-2
1.3369151E-3
-2.8848908E-5
9.4243618E-6
N
0.129
0.707
0.901
0.946
0.963
0.982
0.990
0.991
0.992
0.996
0.996
N
0.441
0.871
0.959
0.978
0.985
0.993
0.996
0.996
0.997
0.998
0.998
N
0.8192
0.1387
0.0417
0.0222
0.0151
0.0073
0.0040
0.0036
0.0032
0.0016
0.0016
41/37
0.068
4.04
0
1
85
454
587
2.28
0.59

EDF706300
706300
2.8119099
-1.1393762E-2
3.0615475E-2
1.7857854E-3
-1.1946039E-4
1.7207286E-5
N
0.342
0.768
0.886
0.922
0.939
0.966
0.980
0.984
0.986
0.987
0.989
N
0.651
0.900
0.953
0.968
0.975
0.986
0.992
0.993
0.994
0.995
0.996
N
0.4292
0.1056
0.0484
0.0325
0.0252
0.0138
0.0081
0.0065
0.0056
0.0052
0.0044
40/36
0.069
2.99
2
1
92
584
688
N
N

DEDF717295
717295
2.8447823
-9.1311141E-3
3.2879412E-2
1.5559114E-3
-5.6526559E-5
1.1202214E-5
0.165
0.586
0.831
0.918
0.950
0.967
0.986
0.992
0.994
0.993
0.992
0.991
0.486
0.808
0.929
0.966
0.980
0.987
0.994
0.997
0.998
0.997
0.997
0.996
0.7207
0.2138
0.0741
0.0342
0.0205
0.0134
0.0056
0.0032
0.0024
0.0028
0.0032
0.0036
40/35
0.071
4.47
1
4.3.a
80
452
600
N
N

DEDF741281
741281
2.9156676
-9.3948325E-3
3.5819671E-2
1.7909026E-3
-7.4527859E-5
1.4291082E-5
N
0.204
0.717
0.892
0.948
0.972
0.991
0.994
0.992
0.996
0.997
0.996
N
0.529
0.875
0.995
0.979
0.989
0.996
0.998
0.997
0.998
0.999
0.998
N
0.6359
0.1331
0.0457
0.0214
0.0114
0.0036
0.0024
0.0032
0.0016
0.0012
0.0016
41/36
0.074
4.57
1
4.2.b
80
424
546
N
N

DEDF748278
748278
2.9388535
-9.1993057E-3
3.7276572E-2
1.5534284E-3
-1.9015270E-5
1.0506925E-5
N
0.302
0.653
0.839
0.923
0.956
0.984
0.994
0.994
0.995
0.995
0.995
N
0.619
0.843
0.932
0.968
0.982
0.994
0.998
0.998
0.998
0.998
0.998
N
0.4789
0.1705
0.0702
0.0321
0.0180
0.0065
0.0024
0.0024
0.0020
0.0020
0.0020
42/35
0.075
4.76
1
5.1.a
76
442
537
N
N

DEDF755276
755276
2.9603174
-9.2288620E-3
3.7582426E-2
1.8256618E-3
-6.3806873E-5
1.3921544E-5
0.012
0.242
0.557
0.779
0.867
0.933
0.977
0.990
0.989
0.988
0.995
0.994
0.170
0.567
0.792
0.905
0.945
0.973
0.991
0.996
0.996
0.995
0.998
0.998
1.7691
0.5675
0.2341
0.0999
0.0571
0.0277
0.0093
0.0040
0.0044
0.0048
0.0020
0.0024
44/36
0.076
4.79
1
6.1.a
84
420
541
1.29
0.56

DEDF785258
785258
3.0504310
-1.0017056E-2
4.1840912E-2
2.0398391E-3
-5.4073779E-5
1.7776534E-5
N
N
0.233
0.703
0.866
0.936
0.976
0.992
0.991
0.991
0.992
0.992
N
N
0.558
0.869
0.944
0.974
0.990
0.997
0.996
0.996
0.997
0.997
N
N
0.5827
0.1410
0.0575
0.0265
0.0097
0.0032
0.0036
0.0036
0.0032
0.0032
45/38
0.080
4.75
1
1
72
470
580
N
N

DEDF805254
805254
3.1153185
-9.4931689E-3
4.5040100E-2
1.7566082E-3
2.8048271E-5
1.0593131E-5
N
0.203
0.585
0.818
0.913
0.954
0.983
0.992
0.992
0.992
0.994
0.994
N
0.528
0.807
0.923
0.964
0.981
0.993
0.997
0.997
0.997
0.998
0.998
N
0.6378
0.2145
0.0804
0.0364
0.0188
0.0069
0.0032
0.0032
0.0032
0.0024
0.0024
45/37
0.083
5.24
1
6.2.a
81
435
542
0.56
0.59

LAC641601
641601
2.6507124
-1.4668128E-2
1.4642184E-2
4.5199019E-4
-3.1334785E-5
1.8716649E-6
0.727
0.889
0.951
0.972
0.979
0.984
0.991
0.993
0.993
0.993
0.989
0.991
0.880
0.954
0.980
0.989
0.992
0.994
0.996
0.997
0.997
0.997
0.996
0.996
0.1275
0.0471
0.0201
0.0114
0.0085
0.0065
0.0036
0.0028
0.0028
0.0028
0.0044
0.0036
36/28
0.059
3.37
1
6.1.b
55
650
N
N
N

LAC643580
643580
2.6530028
-1.1159584E-2
1.5705002E-2
4.3504694E-4
-2.5187055E-5
1.5932907E-6
0.815
0.928
0.967
0.980
0.984
0.987
0.992
0.995
0.995
0.993
0.991
0.991
0.922
0.971
0.987
0.992
0.993
0.995
0.997
0.998
0.998
0.997
0.996
0.996
0.0818
0.0299
0.0134
0.0081
0.0065
0.0052
0.0032
0.0020
0.0020
0.0028
0.0036
0.0036
36/29
0.059
3.76
1
6.2.b
72
619
730
N
N

LAC652585
652585
2.6825226
-1.1692234E-2
1.6094714E-2
3.4279898E-4
-1.0943040E-5
7.9462707E-7
0.622
0.844
0.932
0.963
0.973
0.981
0.992
0.994
0.992
0.992
0.989
0.990
0.827
0.935
0.972
0.985
0.989
0.992
0.997
0.998
0.997
0.997
0.996
0.996
0.1899
0.0678
0.0282
0.0151
0.0109
0.0077
0.0032
0.0024
0.0032
0.0032
0.0044
0.0040
37/31
0.061
3.81
1
6.2.c
69
639
728
N
N

LAC658573
658573
2.7027917
-1.1618407E-2
1.6699414E-2
3.5821187E-4
-1.0966837E-5
8.6691345E-7
0.634
0.861
0.944
0.972
0.983
0.988
0.993
0.997
0.996
0.994
0.992
0.991
0.833
0.942
0.977
0.989
0.993
0.995
0.997
0.999
0.998
0.998
0.997
0.996
0.1823
0.0599
0.0231
0.0114
0.0069
0.0048
0.0028
0.0012
0.0016
0.0024
0.0032
0.0036
37/32
0.062
3.78
1
6.1.b
73
632
N
N
N

LAC669574
669574
2.7370469
-1.2013306E-2
1.6906670E-2
4.0904209E-4
-1.7832505E-5
1.1929747E-6
0.609
0.839
0.929
0.959
0.971
0.979
0.989
0.992
0.990
0.984
0.980
0.987
0.820
0.932
0.971
0.983
0.988
0.992
0.996
0.997
0.996
0.994
0.992
0.995
0.1984
0.0702
0.0295
0.0167
0.0118
0.0085
0.0044
0.0032
0.0040
0.0065
0.0081
0.0052
38/31
0.063
3.94
1
6.2.b
72
618
N
N
N

LAC678552
678552
2.7635953
-1.1210217E-2
1.8165864E-2
3.7427289E-4
-7.7727058E-6
7.2010954E-7
0.586
0.870
0.928
0.963
0.973
0.980
0.991
0.995
0.989
0.989
0.985
0.986
0.808
0.946
0.971
0.985
0.989
0.992
0.996
0.998
0.996
0.996
0.994
0.994
0.2138
0.0557
0.0299
0.0151
0.0109
0.0081
0.0036
0.0020
0.0044
0.0044
0.0060
0.0056
37/31
0.064
4.06
1
6.2.b
79
617
708
N
N

LACA691547
A691547
2.8068410
-1.3013577E-2
1.8548015E-2
4.4522913E-4
-1.7200434E-5
1.2058455E-6
0.732
0.900
0.956
0.975
0.985
0.988
0.994
0.995
0.993
0.995
0.993
0.990
0.883
0.959
0.982
0.990
0.994
0.995
0.998
0.998
0.997
0.998
0.997
0.996
0.1248
0.0421
0.0180
0.0101
0.0060
0.0048
0.0024
0.0020
0.0028
0.0020
0.0028
0.0040
37/30
0.066
3.52
1
5.1.c
72
659
741
1.67
0.85

LACB691548
B691548
2.8058266
-1.1368441E-2
1.8766538E-2
4.0707800E-4
-1.0817409E-5
9.0312644E-7
0.565
0.823
0.923
0.956
0.969
0.977
0.992
0.991
0.990
0.988
0.987
0.984
0.796
0.925
0.968
0.982
0.987
0.991
0.997
0.996
0.996
0.995
0.995
0.994
0.2284
0.0779
0.0321
0.0180
0.0126
0.0093
0.0032
0.0036
0.0040
0.0048
0.0052
0.0065
40/34
0.066
4.18
1
6.1.b
82
612
N
N
N

LAC694533
694533
2.8123625
-1.1099572E-2
1.9305585E-2
4.4252700E-4
-1.2610535E-5
1.1863597E-6
0.401
0.762
0.914
0.966
0.975
0.982
0.990
0.992
0.990
0.990
0.988
0.986
0.694
0.897
0.965
0.986
0.990
0.993
0.996
0.997
0.996
0.996
0.995
0.994
0.3655
0.1087
0.0360
0.0138
0.0101
0.0073
0.0040
0.0032
0.0040
0.0040
0.0048
0.0056
38/33
0.067
4.18
1
6.1.b
80
618
N
N
N

LAC697562
697562
2.8307297
-1.5109958E-2
1.7753416E-2
5.7249968E-4
-3.9712632E-5
2.4255022E-6
0.629
0.844
0.937
0.972
0.983
0.989
0.994
0.995
0.994
0.993
0.988
0.982
0.831
0.934
0.974
0.989
0.993
0.996
0.998
0.998
0.998
0.997
0.995
0.993
0.1854
0.0678
0.0260
0.0114
0.0069
0.0044
0.0024
0.0020
0.0024
0.0028
0.0048
0.0073
37/28
0.067
3.78
1
5.2.b
62
650
N
1.73
0.98

LAC697554
697554
2.8278894
-1.4970276E-2
1.8227809E-2
4.8437183E-4
-2.3351665E-5
1.5088300E-6
0.730
0.889
0.956
0.973
0.988
0.989
0.995
0.995
0.995
0.991
0.989
0.988
0.882
0.954
0.982
0.989
0.995
0.996
0.998
0.998
0.998
0.996
0.996
0.995
0.1259
0.0471
0.0180
0.0109
0.0048
0.0044
0.0020
0.0020
0.0020
0.0036
0.0044
0.0048
38/30
0.067
3.75
1
5.1.b
53
662
737
N
N

LAC713538
713538
2.8794065
-1.5050466E-2
1.9468979E-2
4.9199359E-4
-1.9063679E-5
1.3582229E-6
0.569
0.817
0.922
0.966
0.979
0.987
0.995
0.996
0.995
0.992
0.990
0.987
0.798
0.922
0.968
0.986
0.992
0.995
0.998
0.998
0.998
0.997
0.996
0.995
0.2256
0.0808
0.0325
0.0138
0.0085
0.0052
0.0020
0.0016
0.0020
0.0032
0.0040
0.0052
39/31
0.070
3.81
1
5.1.b
59
651
N
N
N

LAC720504
720504
2.8973951
-1.3454342E-2
2.1291903E-2
4.7849361E-4
-4.7141969E-6
8.8442763E-7
0.399
0.735
0.886
0.937
0.955
0.968
0.982
0.988
0.986
0.987
0.985
0.983
0.692
0.884
0.953
0.974
0.982
0.987
0.993
0.995
0.994
0.995
0.994
0.993
0.3675
0.1232
0.0484
0.0260
0.0184
0.0130
0.0073
0.0048
0.0056
0.0052
0.0060
0.0069
39/33
0.071
3.82
1
5.1.b
64
640
710
1.99
0.93

LAC734517
734517
2.9438512
-1.3728417E-2
2.1331645E-2
5.3328355E-4
-1.8803007E-5
1.4526290E-6
0.658
0.868
0.944
0.975
0.982
0.988
0.994
0.994
0.993
0.994
0.987
0.985
0.846
0.945
0.977
0.990
0.993
0.995
0.998
0.998
0.997
0.998
0.995
0.994
0.1674
0.0566
0.0231
0.0101
0.0073
0.0048
0.0024
0.0024
0.0028
0.0024
0.0052
0.0060
37/30
0.073
3.93
1
5.2.b
67
667
N
N
N

LAFA689495
A689495
2.7927151
-1.0237529E-2
2.0496580E-2
5.3836009E-4
-1.9791582E-5
1.7490525E-6
0.641
0.870
0.952
0.994
0.978
0.985
0.991
0.992
0.993
0.991
0.980
0.980
0.837
0.946
0.981
0.990
0.991
0.994
0.996
0.997
0.997
0.996
0.992
0.992
0.1779
0.0557
0.0197
0.0105
0.0089
0.0060
0.0036
0.0032
0.0028
0.0036
0.0081
0.0081
37/31
0.066
3.70
1
6.2.b
75
605
726
2.48
0.94

LAF717480
717480
2.8829509
-1.1245624E-2
2.2242800E-2
5.8006372E-4
-1.6898078E-5
1.8843473E-6
0.427
0.766
0.903
0.949
0.967
0.976
0.989
0.991
0.988
0.984
0.974
0.968
0.711
0.899
0.960
0.979
0.987
0.990
0.996
0.996
0.995
0.994
0.990
0.987
0.3404
0.1066
0.0408
0.0209
0.0134
0.0097
0.0044
0.0036
0.0048
0.0065
0.0105
0.0130
39/33
0.070
4.23
1
5.2.a
86
626
N
N
N

LAF717479
717479
2.8852065
-1.4320227E-2
2.1640545E-2
6.7293009E-4
-2.9205303E-5
2.8101911E-6
0.179
0.542
0.785
0.895
0.938
0.958
0.978
0.984
0.979
0.980
0.984
0.982
0.503
0.783
0.908
0.957
0.975
0.983
0.991
0.994
0.992
0.992
0.994
0.993
0.6881
0.2450
0.0968
0.0444
0.0256
0.0172
0.0089
0.0065
0.0085
0.0081
0.0065
0.0073
41/34
0.070
3.82
1
5.1.b
74
618
706
N
N

LAF744448
744448
2.9697333
-1.3956631E-2
2.4410610E-2
7.4932853E-4
-2.4989268E-5
3.2535023E-6
0.271
0.631
0.838
0.931
0.964
0.978
0.990
0.994
0.992
0.994
0.982
0.987
0.593
0.832
0.932
0.972
0.985
0.991
0.996
0.998
0.997
0.998
0.993
0.995
0.5223
0.1842
0.0707
0.0286
0.0147
0.0089
0.0040
0.0024
0.0032
0.0024
0.0073
0.0052
40/34
0.074
4.05
1
5.2.b
68
614
N
1.7
0.86

LAF788474
788474
3.1242203
-1.5678089E-2
2.5535395E-2
6.5558233E-4
-1.3887711E-5
1.6054183E-6
0.530
0.785
0.903
0.952
0.973
0.979
0.989
0.993
0.994
0.987
0.990
0.982
0.776
0.908
0.960
0.981
0.989
0.992
0.996
0.997
0.998
0.995
0.996
0.993
0.2540
0.0968
0.0408
0.0197
0.0109
0.0085
0.0044
0.0028
0.0024
0.0052
0.0040
0.0073
38/29
0.080
4.43
1
4.1.b
59
669
N
1.60
1.20

LAF850322
850322
3.2999123
-1.1888916E-2
3.9597124E-2
1.5985938E-3
-4.8555874E-5
1.0400866E-5
N
0.088
0.470
0.758
0.847
0.903
0.963
0.979
0.978
0.982
0.988
0.991
N
0.378
0.739
0.895
0.936
0.960
0.985
0.992
0.991
0.993
0.995
0.996
N
0.9722
0.3020
0.1108
0.0664
0.0408
0.0151
0.0085
0.0089
0.0073
0.0048
0.0036
47/36
0.090
5.14
1
5.4.b
63
631
N
N
N

EOS
