
FCA6365
465657
+.2121650E+01
-.9503490E-02
+.8318686E-02
+.3339573E-03
-.2364166E-04
+.9972179E-06


PFCA8682N
486818
+.2185857E+01
-.5201463E-02
+.8107487E-02
+.1008583E-03
-.2224178E-05
+.1919751E-06


FCA8770
487704
+.2188523E+01
-.9598334E-02
+.8635329E-02
+.2395636E-03
-.1547314E-04
+.6879645E-06


PFCA8784
487844
+.2188331E+01
-.5365878E-02
+.7743657E-02
+.1312934E-03
-.7417952E-05
+.4581512E-06


FCA8866
488658
+.2187070E+01
-.1024400E-01
+.9782389E-02
+.6294588E-04
+.1339405E-04
-.8464507E-06


BSCB1063
510635
+.2250616E+01
-.9247589E-02
+.1099293E-01
+.6033767E-04
+.1460288E-04
-.7160412E-06


CB1160
511604
+.2250586E+01
-.8155770E-02
+.1218439E-01
-.8656369E-04
+.3749854E-04
-.1850241E-05


BSCB1664
517642
+.2271176E+01
-.9700709E-02
+.1109710E-01
+.4622809E-04
+.1616105E-04
-.8285043E-06


CB1860
518603
+.2272935E+01
-.9344543E-02
+.1182611E-01
+.7960521E-04
+.1382893E-04
-.4952685E-06


BSCB1865
518651
+.2275718E+01
-.9777224E-02
+.1105575E-01
+.1910096E-04
+.1949133E-04
-.1015542E-05


PFCB1961
519614
+.2274841E+01
-.5597262E-02
+.1128397E-01
+.2403065E-03
-.9003564E-05
+.2210049E-05


CB2359
523594
+.2287986E+01
-.9829138E-02
+.1111679E-01
+.3824643E-03
-.2412558E-04
+.1418343E-05


CHDB2952
529518
+.2299774E+01
-.1011442E-01
+.1369414E-01
+.1873932E-03
+.1369782E-04
-.2783500E-06


PFCB2977
529769
+.2309554E+01
-.5709935E-02
+.9591099E-02
+.1445528E-03
-.5141377E-05
+.3599494E-06


BCLB3959
540597
+.2335801E+01
-.9655618E-02
+.1262650E-01
+.8243079E-04
+.1552512E-04
-.5192937E-06


PFCB4273N
542734
+.2348478E+01
-.5702361E-02
+.1081674E-01
+.3495967E-04
+.1100208E-04
-.3940610E-06


FELB4846
548457
+.2349435E+01
-.8305559E-02
+.1651116E-01
+.1813147E-03
+.2944473E-04
-.3400862E-06


FBLB4853
548535
+.2354918E+01
-.8540407E-02
+.1488338E-01
-.7178738E-04
+.4910554E-04
-.1886973E-05


PFCB5267
552670
+.2377061E+01
-.6667104E-02
+.1123230E-01
+.2814452E-03
-.1927477E-04
+.1857631E-05


FBLB5853
558525
+.2383795E+01
-.7495765E-02
+.1473173E-01
+.1865184E-03
+.1241076E-04
+.1356967E-05


PFCB5872
558720
+.2396587E+01
-.6529368E-02
+.1110246E-01
+.1368076E-03
-.7666316E-06
+.1504711E-06


BCDB6461
564609
+.2409522E+01
-.9654704E-02
+.1376812E-01
-.9761522E-04
+.4112012E-04
-.1976844E-05


BCLB6956
569560
+.2421423E+01
-.9089133E-02
+.1407378E-01
+.2293627E-03
+.6546010E-05
-.1461876E-06


BCLB7257
573575
+.2431417E+01
-.8347754E-02
+.1556266E-01
-.2825331E-03
+.7202950E-04
-.3452294E-05


FLB8141
581408
+.2443383E+01
-.8225330E-02
+.1958706E-01
+.3336010E-03
+.2899713E-04
+.4216579E-06


BCDB8961
589612
+.2486270E+01
-.9790763E-02
+.1434726E-01
-.2972194E-04
+.3432458E-04
-.1673268E-05


PFCB9667
596674
+.2512433E+01
-.7467449E-02
+.1245344E-01
+.3194276E-03
-.2041817E-04
+.1161398E-05


FDC0438
604381
+.2505980E+01
-.8000455E-02
+.2207524E-01
+.3700964E-03
+.3616023E-04
+.8858359E-06


PCDC0464N
604634
+2.5333240E+00
-8.1680000E-03
+1.2877000E-02
+5.1100000E-04
-4.1000000E-05
+2.0000000E-06


FBC0644
606439
+.2521757E+01
-.9212346E-02
+.1947276E-01
+.2711880E-03
+.2730732E-04
+.8091127E-06


BCDC0757
607566
+.2539200E+01
-.8495322E-02
+.1618217E-01
+.2890984E-04
+.3216228E-04
-.1380629E-05


BCDC0959
609590
+.2545544E+01
-.9211278E-02
+.1549119E-01
+.2304700E-04
+.3195633E-04
-.1589548E-05


FBC1344N
613444
+.2547831E+01
-.1193729E-01
+.1929243E-01
+.3798648E-03
+.8740587E-05
+.6870422E-06


BCDC1356
614564
+.2557971E+01
-.8719624E-02
+.1627721E-01
+.8981680E-04
+.2373149E-04
-.9106400E-06


BCDC1358
613585
+.2555947E+01
-.9112305E-02
+.1706319E-01
-.3920348E-03
+.8813931E-04
-.4257410E-05


FSBC1644
616444
+.2557874E+01
-.1396068E-01
+.1870594E-01
+.5024442E-03
-.3859905E-05
+.1447782E-05


BCDC1755
618551
+.2568993E+01
-.8359377E-02
+.1726207E-01
-.5856174E-04
+.4849606E-04
-.2148251E-05


FDC2036
620363
+.2553105E+01
-.7840342E-02
+.2397551E-01
+.4221211E-03
+.3900575E-04
+.1374479E-05


BCDC2060
620603
+.2582644E+01
-.9887242E-02
+.1612638E-01
-.1638469E-03
+.5484031E-04
-.2636567E-05


BCDDC2353
623531
+.2583435E+01
-.9532672E-02
+.1777720E-01
-.1753687E-04
+.4693820E-04
-.1672280E-05


BCDC2357
623569
+.2587115E+01
-.8719797E-02
+.1683689E-01
-.3790620E-04
+.4421143E-04
-.2095323E-05


BCDC2358
623581
+.2589542E+01
-.1021976E-01
+.1652687E-01
-.9559570E-04
+.5016549E-04
-.2306951E-05


FBC2447
624469
+.2584879E+01
-.1147565E-01
+.1776183E-01
+.6726608E-03
-.3494029E-04
+.3056775E-05


FDC2636
626356
+.2570149E+01
-.7990901E-02
+.2458878E-01
+.4526443E-03
+.4371418E-04
+.1201553E-05


FDC3735
637353
+.2602936E+01
-.8514330E-02
+.2489508E-01
+.6456779E-03
+.1552327E-04
+.2929923E-05


FBDC3842
638424
+.2621414E+01
-.1279920E-01
+.2104769E-01
+.4917220E-03
+.2929486E-05
+.1026229E-05


BCDC3956
639555
+.2636222E+01
-.9180804E-02
+.1717111E-01
+.1849090E-03
+.1629211E-04
-.5807431E-06


BCSC4160
641601
+.2647431E+01
-.1116017E-01
+.1606897E-01
+.6279460E-04
+.2731597E-04
-.1290195E-05


BCSC4258
642581
+.2651166E+01
-.9932739E-02
+.1693359E-01
+.4010684E-04
+.3270216E-04
-.1503059E-05


FDDC4834
648339
+.2634206E+01
-.7896672E-02
+.2779654E-01
+.1370682E-03
+.1221030E-03
-.3364480E-05


FBC4846
648462
+.2657159E+01
-.1113268E-01
+.2015912E-01
+.3423369E-03
+.1914063E-04
+.3442730E-06


FBDC5139
650392
+.2652565E+01
-.8929280E-02
+.2411535E-01
+.3228176E-03
+.4453741E-04
-.7607258E-06


BCSC5156
651559
+.2678124E+01
-.1121625E-01
+.1710675E-01
+.2803653E-03
+.1769016E-05
+.1813314E-06


BCSC5258
652585
+.2682546E+01
-.1199166E-01
+.1622310E-01
+.2908079E-03
-.3096115E-05
+.2727065E-06


FBDC5540
655401
+.2674716E+01
-.1405317E-01
+.2270677E-01
+.5537158E-03
+.1217960E-04
-.1432291E-05


BCSC5757
658572
+.2698887E+01
-.1058802E-01
+.1741114E-01
+.1461034E-03
+.1970273E-04
-.7638269E-06


BCDDC5851
659510
+.2694059E+01
-.9698860E-02
+.2072662E-01
-.2251268E-03
+.8322174E-04
-.3522428E-05


FDDC6733
667331
+.2693063E+01
-.8394417E-02
+.2818001E-01
+.7481013E-03
+.2243657E-04
+.3760331E-05


FBC6748
667484
+.2717295E+01
-.7780787E-02
+.2102800E-01
+.1932286E-03
+.3187052E-04
-.4852439E-06


FBC7047
670471
+.2727770E+01
-.9489695E-02
+.2107557E-01
+.3589883E-03
+.1356457E-04
+.4802913E-06


FEDC7232
673323
+.2707909E+01
-.7977969E-02
+.2992404E-01
+.5276757E-03
+.6291385E-04
+.1845245E-05


BCSC7856
678555
+.2763817E+01
-.1192008E-01
+.1878955E-01
+.1222442E-03
+.2515635E-04
-.9483267E-06


FEDC8931
689312
+.2757553E+01
-.8402604E-02
+.3096112E-01
+.8979068E-03
+.2139455E-04
+.4900193E-05


FBSC9050
689496
+.2792790E+01
-.1004826E-01
+.2050424E-01
+.5112493E-03
-.1389281E-04
+.1201821E-05


BCSC9055
691548
+.2804081E+01
-.1134719E-01
+.2040144E-01
-.1305750E-03
+.6370289E-04
-.2903462E-05


FBDSC9736
696365
+.2795566E+01
-.1331475E-01
+.2765620E-01
+.4783757E-03
+.5113720E-04
+.5989580E-06


BCSC9755
697554
+.2826184E+01
-.1372698E-01
+.1991355E-01
-.5690180E-04
+.5608748E-04
-.2660320E-05


BCSC9756
697562
+.2828088E+01
-.1430912E-01
+.1890513E-01
+.1704879E-03
+.2209305E-04
-.9543640E-06


FEDC9930
699301
+.2789053E+01
-.9646986E-02
+.3023605E-01
+.1790062E-02
-.1126430E-03
+.1449536E-04


FBDD0141
702411
+.2820816E+01
-.9366321E-02
+.2568056E-01
+.3830284E-03
+.3711992E-04
+.7579796E-06


BCSD1354
713538
+.2877244E+01
-.1372709E-01
+.2088430E-01
+.4894506E-04
+.4529508E-04
-.2024508E-05


FEDD1729
717295
+.2846384E+01
-.9696062E-02
+.3169791E-01
+.1986255E-02
-.1314082E-03
+.1660087E-04


FBSD1748L
717480
+.2881263E+01
-.1067359E-01
+.2358853E-01
+.1469901E-03
+.4445087E-04
-.1315577E-05


BCSD2050
720503
+.2895596E+01
-.1254631E-01
+.2238463E-01
+.1886262E-03
+.3297580E-04
-.1100849E-05


FBDD2338
724380
+.2886870E+01
-.9340611E-02
+.2711197E-01
+.1083323E-02
-.5774529E-04
+.7860356E-05


FEDD2828
728284
+.2877252E+01
-.9733905E-02
+.3385870E-01
+.2008282E-02
-.1238221E-03
+.1741512E-04


FDSD3426
734265
+.2890098E+01
-.1076833E-01
+.3533001E-01
+.2483705E-02
-.1886188E-03
+.2631591E-04


BCSD3451
734514
+.2942761E+01
-.1350739E-01
+.2208144E-01
+.3263782E-03
+.1118264E-04
-.5229890E-07


FEDD4028
740281
+.2916402E+01
-.1093343E-01
+.3325251E-01
+.2658375E-02
-.2179162E-03
+.2338839E-04


FBSD4445
744448
+.2967343E+01
-.1273230E-01
+.2609518E-01
+.2190532E-03
+.4985670E-04
-.6480888E-06


FEDD5627
755276
+.2962577E+01
-.1032470E-01
+.3596929E-01
+.2380363E-02
-.1607898E-03
+.2087698E-04


FEDD6227
762269
+.2981554E+01
-.1052930E-01
+.3695155E-01
+.2628300E-02
-.1946035E-03
+.2372572E-04


FEDD8525
785258
+.3057214E+01
-.1280241E-01
+.3665595E-01
+.3897248E-02
-.3724495E-03
+.3864819E-04


FEDD8526
785259
+.3053982E+01
-.1079434E-01
+.3961831E-01
+.2919793E-02
-.2138191E-03
+.2680028E-04


FBSD8847
788474
+.3120880E+01
-.1456436E-01
+.2715938E-01
+.1311406E-03
+.6110826E-04
-.2255539E-05


FBSD9643
796432
+.3141405E+01
-.1312717E-01
+.2935963E-01
+.3899121E-03
+.4926795E-04
-.1008420E-05


FBSE0046
800456
+.3160240E+01
-.1490246E-01
+.2775405E-01
+.4661591E-03
+.2569664E-04
-.2956416E-06


FBSE0347
803464
+.3171708E+01
-.1448388E-01
+.2756320E-01
+.4249250E-03
+.3101959E-04
-.7418161E-06


FEDE0525
805255
+.3118458E+01
-.1049513E-01
+.4202970E-01
+.2946385E-02
-.1971788E-03
+.2633180E-04


FBSE3730
836302
+.3246553E+01
-.1310558E-01
+.3964504E-01
+.2004431E-02
-.1085524E-03
+.1903922E-04


FBSE6540
865401
+.3373268E+01
-.1203500E-01
+.3557842E-01
+.5829260E-03
+.4721353E-04
+.2157107E-06


FBSE7838
878385
+.3417666E+01
-.1532083E-01
+.3700616E-01
+.7528978E-03
+.3724630E-04
+.1567342E-05

EOS