E-FK5
487704
 2.188762100000000
 -9.557200700000001E-03
 8.991523200000000E-03
 1.456051600000000E-04
 -5.284306700000000E-06
 3.458801000000000E-07
E-FK01
497816
 2.222504690000000
 -8.508042820000001E-03
 5.666787000000000E-03
 8.418490500000000E-04
 -9.804140999999999E-05
 4.918685280000000E-06
E-FKH1
498825
 2.220254270000000
 -5.134968180000000E-03
 8.415877080000000E-03
 5.426355300000000E-05
 7.612882190000000E-06
 -4.898574409999999E-07
PK1
504668
 2.233770090000000
 -9.387073669999999E-03
 1.057537910000000E-02
 -3.481846790000000E-05
 2.380096970000000E-05
 -1.340308470000000E-06
PK2
518650
 2.268720910000000
 -5.772466360000000E-03
 1.533407780000000E-02
 -1.159258400000000E-03
 1.697392360000000E-04
 -8.270431420000001E-06
E-PKH1
519700
 2.279699290000000
 -9.679396990000000E-03
 9.833016590000000E-03
 1.658906690000000E-04
 -3.863439670000000E-06
 1.393699010000000E-07
E-PSK02
618634
 2.576514360000000
 -8.173963990000000E-03
 1.527063970000000E-02
 -1.173850230000000E-04
 4.699520080000000E-05
 -2.259689440000000E-06
E-PSK03
603655
 2.531323910000000
 -8.655790540000000E-03
 1.428294870000000E-02
 -1.151105820000000E-04
 4.155115760000000E-05
 -1.986983600000000E-06
E-BK7
517641
 2.271192000000000
 -9.661267630000000E-03
 1.103069690000000E-02
 7.003799640000000E-05
 1.396585440000000E-05
 -7.625604540000000E-07
BAK2
540597
 2.319724520000000
 2.602493170000000E-03
 2.249806540000000E-02
 -2.672040980000000E-03
 3.926685610000000E-04
 -2.043302800000000E-05
BAK4
569560
 2.414299170000000
 -2.829973520000000E-03
 1.680892390000000E-02
 -8.945119370000000E-05
 -1.350521570000000E-05
 4.145336460000000E-06
E-BAK1
572577
 2.443532740000000
 -1.614551840000000E-02
 8.819278979999999E-03
 1.446875420000000E-03
 -1.363317980000000E-04
 6.033098080000000E-06
E-BAK2
540595
 2.336643220000000
 -8.625883819999999E-03
 1.250799020000000E-02
 1.755501870000000E-04
 4.022686770000000E-06
 -3.587850190000000E-08
E-BAK4
569563
 2.422047400000000
 -9.352864390000000E-03
 1.382824040000000E-02
 2.920972620000000E-04
 -5.778197310000000E-06
 7.056448880000000E-07
K3
518589
 2.271870470000000
 -8.333883650000000E-03
 1.194249780000000E-02
 1.494434380000000E-04
 8.303796659999999E-06
 -2.694973890000000E-07
K5
522597
 2.259379340000000
 9.090503740000000E-03
 2.633942150000000E-02
 -3.777418430000000E-03
 5.228701950000000E-04
 -2.629181850000000E-05
E-K5
522597
 2.259379340000000
 9.090503740000000E-03
 2.633942150000000E-02
 -3.777418430000000E-03
 5.228701950000000E-04
 -2.629181850000000E-05
KF6
517523
 2.249554020000000
 2.262244850000000E-03
 2.217465190000000E-02
 -2.282487820000000E-03
 3.444372970000000E-04
 -1.737741460000000E-05
KZFS4
613443
 2.554361990000000
 -1.652279890000000E-02
 1.560255850000000E-02
 1.407955160000000E-03
 -1.318866870000000E-04
 8.507447109999999E-06
E-BALF4
580537
 2.459998450000000
 -1.406953720000000E-02
 1.049629880000000E-02
 1.542666690000000E-03
 -1.691741260000000E-04
 9.435108590000001E-06
BAF3
583465
 2.438681930000000
 1.609960980000000E-03
 2.688829430000000E-02
 -2.446579170000000E-03
 3.965660860000000E-04
 -1.973045900000000E-05
BAF4
606438
 2.504958570000000
 3.324741180000000E-03
 2.831427960000000E-02
 -2.044137840000000E-03
 3.343099240000000E-04
 -1.534857790000000E-05
BAF8
624471
 2.576356380000000
 -4.964318960000000E-03
 2.151531400000000E-02
 -2.533858080000000E-04
 7.507446500000001E-05
 -1.820369420000000E-06
BAF10
670471
 2.708193980000000
 4.899892660000000E-03
 3.147873800000000E-02
 -2.304341780000000E-03
 3.414449380000000E-04
 -1.465281000000000E-05
BAF11
667484
 2.718363810000000
 -9.306714520000000E-03
 2.090148290000000E-02
 1.588714370000000E-04
 4.065932190000000E-05
 -8.563966110000000E-07
E-BAF8
624470
 2.580726940000000
 -8.266824989999999E-03
 1.927736950000000E-02
 2.873916470000000E-04
 1.543999620000000E-05
 4.637473580000000E-07
E-BAF12
639449
 2.628337480000000
 -1.009740720000000E-02
 2.031764390000000E-02
 3.753022870000000E-04
 1.459832540000000E-05
 1.371264330000000E-06
BASF2
664359
 2.677013580000000
 3.011703740000000E-03
 3.312037600000000E-02
 -9.256635580000000E-04
 1.805363820000000E-04
 -2.622152980000000E-06
BASF4
651382
 2.653252290000000
 -6.578820860000000E-03
 2.439775920000000E-02
 5.194975510000000E-04
 2.487769760000000E-05
 1.560993920000000E-06
BASF6
668420
 2.718163260000000
 -1.334621880000000E-02
 2.057830770000000E-02
 9.283221480000000E-04
 -1.411159350000000E-05
 1.659476340000000E-06
BASF7
702412
 2.835150390000000
 -1.785081430000000E-02
 1.539785980000000E-02
 3.719055150000000E-03
 -4.884821820000000E-04
 3.290179110000000E-05
BASF8
723380
 2.881495360000000
 -6.454380840000000E-03
 3.074683590000000E-02
 -1.396031070000000E-04
 1.314241160000000E-04
 -2.444940300000000E-06
BASF12
670392
 2.729422080000000
 -1.897807510000000E-02
 1.735778420000000E-02
 2.340994620000000E-03
 -1.982770230000000E-04
 1.222740970000000E-05
SK2
607567
 2.542329700000000
 -1.001372050000000E-02
 1.366270690000000E-02
 8.285865710000000E-04
 -8.590268490000000E-05
 5.079496290000000E-06
SK4
613585
 2.542123970000000
 2.965422360000000E-03
 2.316273680000000E-02
 -1.681083030000000E-03
 2.235719080000000E-04
 -1.000550540000000E-05
SK9
614551
 2.564247830000000
 -1.337038150000000E-02
 1.398205080000000E-02
 7.030772730000000E-04
 -4.206054060000000E-05
 2.098576390000000E-06
SK15
623582
 2.595128820000000
 -1.330174630000000E-02
 1.295052990000000E-02
 9.469769760000000E-04
 -9.281618460000000E-05
 5.074742250000000E-06
SK16
620603
 2.592001400000000
 -1.540969080000000E-02
 1.022680230000000E-02
 1.581558720000000E-03
 -1.877148530000000E-04
 1.012514800000000E-05
SK18
639555
 2.652537320000000
 -2.070768910000000E-02
 8.235651890000001E-03
 2.598900340000000E-03
 -3.027232400000000E-04
 1.591967000000000E-05
E-SK4
613587
 2.559357390000000
 -1.016665570000000E-02
 1.458787000000000E-02
 3.654410700000000E-04
 -1.591512290000000E-05
 9.986143900000000E-07
E-SK5
589612
 2.486168590000000
 -9.620904140000001E-03
 1.468663480000000E-02
 -1.178771350000000E-04
 4.438766150000000E-05
 -2.052282880000000E-06
E-SK10
623570
 2.589123260000000
 -1.001151860000000E-02
 1.561658050000000E-02
 3.287586050000000E-04
 -9.848585790000000E-06
 7.828771690000000E-07
E-SK11
564607
 2.410343650000000
 -1.012865590000000E-02
 1.267484120000000E-02
 2.573470780000000E-04
 -6.242791330000000E-06
 3.359322240000000E-07
E-SK14
603607
 2.531045230000000
 -1.077428960000000E-02
 1.401000060000000E-02
 2.478860410000000E-04
 -1.088164400000000E-06
 1.034155480000000E-07
SSK1
617540
 2.577487880000000
 -1.546624970000000E-02
 1.135863120000000E-02
 1.651928290000000E-03
 -1.733263570000000E-04
 9.058966440000000E-06
SSK2
622531
 2.591242830000000
 -1.427206200000000E-02
 1.239655690000000E-02
 1.537740310000000E-03
 -1.592744720000000E-04
 8.552111310000000E-06
SSK8
618498
 2.570478240000000
 -1.196864630000000E-02
 1.497124110000000E-02
 1.128455480000000E-03
 -1.104138260000000E-04
 7.398150320000000E-06
E-SSK5
658509
 2.696037960000000
 -1.007298390000000E-02
 1.886579450000000E-02
 3.680384900000000E-04
 4.060844480000000E-06
 4.574606760000000E-07
LLF1
548459
 2.362447700000000
 -1.634942620000000E-02
 8.894780910000000E-03
 2.311903170000000E-03
 -2.574939760000000E-04
 1.457858650000000E-05
LLF2
541472
 2.311056430000000
 3.592112260000000E-03
 2.635349250000000E-02
 -2.861817400000000E-03
 4.429610850000000E-04
 -2.227926210000000E-05
LLF6
532491
 2.326858240000000
 -2.496167650000000E-02
 2.979230690000000E-03
 3.164391590000000E-03
 -3.498772660000000E-04
 1.777229500000000E-05
E-LLF6
532489
 2.304660000000000
 -8.641313479999999E-03
 1.459446180000000E-02
 2.065978740000000E-04
 1.889316160000000E-05
 1.826267890000000E-07
LF5
581408
 2.439252050000000
 -5.116675640000000E-03
 2.191912180000000E-02
 -3.080890170000000E-04
 1.181173190000000E-04
 -4.409046640000000E-06
LF6
567427
 2.402616100000000
 -5.310264020000000E-03
 1.706230680000000E-02
 9.925869950000001E-04
 -1.107158140000000E-04
 9.212954040000000E-06
LF7
575415
 2.440824130000000
 -2.002119120000000E-02
 1.089699220000000E-02
 2.343395940000000E-03
 -2.198222180000000E-04
 1.221823310000000E-05
F1
626356
 2.562519190000000
 -3.146234870000000E-03
 2.916002420000000E-02
 -8.707300120000000E-04
 2.265331950000000E-04
 -8.612399460000000E-06
F2
620363
 2.545002310000000
 -1.337395840000000E-03
 2.801151160000000E-02
 -5.417020560000000E-04
 1.501753740000000E-04
 -3.617071050000000E-06
F3
613370
 2.522283120000000
 -1.048230340000000E-03
 2.939576500000000E-02
 -1.391630330000000E-03
 2.896805050000000E-04
 -1.265088870000000E-05
F5
603381
 2.527724840000000
 -2.381908020000000E-02
 1.020503700000000E-02
 3.480575620000000E-03
 -3.603615300000000E-04
 2.057311160000000E-05
F8
596392
 2.472864610000000
 -1.511926880000000E-03
 2.760046120000000E-02
 -1.525503710000000E-03
 2.907114880000000E-04
 -1.284843260000000E-05
E-F2
620363
 2.557392820000000
 -1.079512290000000E-02
 2.168073280000000E-02
 1.051659790000000E-03
 -5.363098160000000E-05
 7.746632600000000E-06
E-F5
603380
 2.508636190000000
 -1.018693650000000E-02
 2.045164740000000E-02
 8.410695180000001E-04
 -3.635653810000000E-05
 5.997126640000000E-06
SF1
717295
 2.839802550000000
 -4.469128480000000E-03
 3.464027740000000E-02
 1.334321520000000E-03
 -5.451762180000000E-05
 1.214723700000000E-05
SF2
648338
 2.612481970000000
 7.294837770000000E-03
 3.844929100000000E-02
 -2.459876710000000E-03
 4.247474620000000E-04
 -1.668865370000000E-05
SF4
755276
 2.988118600000000
 -3.043514190000000E-02
 2.377230150000000E-02
 5.097428430000000E-03
 -4.379462620000000E-04
 3.025834920000000E-05
SF5
673322
 2.735990510000000
 -2.724149570000000E-02
 1.394695950000000E-02
 4.883728220000000E-03
 -4.997413900000000E-04
 2.996088960000000E-05
SF6
805254
 3.080799090000000
 1.530034600000000E-02
 6.350134130000000E-02
 -2.963535100000000E-03
 6.026373820000000E-04
 -1.590890600000000E-05
SF7
640346
 2.602245090000000
 -2.282728090000000E-03
 3.132390430000000E-02
 -1.109815160000000E-03
 2.844724300000000E-04
 -1.205446700000000E-05
SF8
689311
 2.798857780000000
 -3.718093060000000E-02
 7.630190590000000E-03
 7.231690980000000E-03
 -8.073847220000000E-04
 4.696666670000000E-05
SF9
654339
 2.661342010000000
 -1.187902530000000E-02
 2.328060840000000E-02
 1.777729260000000E-03
 -1.298548710000000E-04
 1.138748480000000E-05
SF10
728283
 2.842084610000000
 1.641575560000000E-02
 5.206045650000000E-02
 -2.610462530000000E-03
 4.469769680000000E-04
 -9.429829500000000E-06
SF11
785258
 3.127486620000000
 -6.374660470000000E-02
 -9.890957350000000E-04
 1.363913290000000E-02
 -1.588823870000000E-03
 9.646333390000000E-05
SF13
741276
 2.922629880000000
 -1.150017810000000E-02
 2.875835120000000E-02
 4.472855340000000E-03
 -4.973005970000000E-04
 4.089372360000000E-05
SF14
762266
 2.983846140000000
 -1.289956090000000E-02
 3.563966400000000E-02
 2.969076410000000E-03
 -2.226990500000000E-04
 2.674236490000000E-05
SF15
699301
 2.787118020000000
 -6.950627760000000E-03
 3.016016090000000E-02
 2.076089600000000E-03
 -1.855961600000000E-04
 2.047325080000000E-05
SF03
847239
 3.261335380000000
 -1.832791830000000E-02
 4.155169960000000E-02
 4.949089820000000E-03
 -3.884547920000000E-04
 3.837014440000000E-05
E-SF1
717295
 2.848278560000000
 -1.225484790000000E-02
 3.167369540000000E-02
 1.707453620000000E-03
 -7.330089410000000E-05
 1.410128150000000E-05
E-SF2
648338
 2.634295940000000
 -9.208402090000000E-03
 2.742660230000000E-02
 2.254414720000000E-04
 9.976442210000000E-05
 1.762591160000000E-08
E-SF4
755275
 2.964697620000000
 -1.286507130000000E-02
 3.572997930000000E-02
 2.165728770000000E-03
 -1.022434040000000E-04
 1.824398350000000E-05
E-SF5
673321
 2.712017420000000
 -1.112286410000000E-02
 2.769134130000000E-02
 1.131936870000000E-03
 -2.422506400000000E-05
 8.915153359999999E-06
E-SF6
805254
 3.117837000000000
 -1.194107370000000E-02
 4.436022650000000E-02
 1.813480560000000E-03
 4.696699290000000E-06
 1.617541360000000E-05
E-SF8
689311
 2.761553810000000
 -1.163483860000000E-02
 2.863557350000000E-02
 1.552931370000000E-03
 -7.945105890000000E-05
 1.286095390000000E-05
E-SF10
728285
 2.879681930000000
 -1.230381150000000E-02
 3.344302500000000E-02
 1.834711630000000E-03
 -8.125080730000000E-05
 1.594408370000000E-05
E-SF11
785257
 3.056549350000000
 -1.431597090000000E-02
 3.815930270000000E-02
 3.156759130000000E-03
 -2.235233850000000E-04
 2.900210690000000E-05
E-SF13
741278
 2.920062120000000
 -1.344360380000000E-02
 3.335568440000000E-02
 2.460929590000000E-03
 -1.604921680000000E-04
 2.115118460000000E-05
E-SF14
762266
 2.983846140000000
 -1.289956090000000E-02
 3.563966400000000E-02
 2.969076410000000E-03
 -2.226990500000000E-04
 2.674236490000000E-05
E-SF15
699301
 2.790315800000000
 -1.184645090000000E-02
 3.057513410000000E-02
 1.410306080000000E-03
 -4.158956310000000E-05
 1.147409350000000E-05
E-SF03
847238
 3.254928930000000
 -1.560260340000000E-02
 4.582282090000000E-02
 3.727363400000000E-03
 -2.389766940000000E-04
 3.427451420000000E-05
SFS3
785262
 3.071402130000000
 -2.168875000000000E-02
 2.943887400000000E-02
 5.498531680000000E-03
 -5.380916430000000E-04
 4.131753770000000E-05
E-SFS3
785263
 3.057011520000000
 -1.322519450000000E-02
 3.908530180000000E-02
 2.514801600000000E-03
 -1.318765420000000E-04
 2.248989580000000E-05
LAK7
652586
 2.684145590000000
 -1.282174640000000E-02
 1.520998940000000E-02
 5.791020800000000E-04
 -4.197895480000000E-05
 2.326210160000000E-06
LAK9
691548
 2.782119530000000
 3.869887920000000E-03
 3.229938420000000E-02
 -3.179158860000000E-03
 4.358368480000000E-04
 -2.062241340000000E-05
LAK12
678554
 2.780947550000000
 -2.366249980000000E-02
 8.676537170000000E-03
 2.941810020000000E-03
 -3.515541370000000E-04
 1.844065030000000E-05
LAK04
651562
 2.676808600000000
 -1.021732690000000E-02
 1.773895010000000E-02
 2.822471620000000E-05
 4.327400160000000E-05
 -2.158472660000000E-06
LAK09
734515
 2.953102310000000
 -1.967247310000000E-02
 1.742579220000000E-02
 1.528665450000000E-03
 -1.370286720000000E-04
 6.723533020000000E-06
LAK011
741527
 2.971993420000000
 -1.524352490000000E-02
 2.020611580000000E-02
 8.752521670000000E-04
 -7.671807440000000E-05
 4.848071950000000E-06
E-LAK8
713539
 2.878645410000000
 -1.423149310000000E-02
 1.980257680000000E-02
 4.011795700000000E-04
 -6.688785860000000E-06
 7.868697470000000E-07
E-LAK10
720502
 2.895283580000000
 -1.176868070000000E-02
 2.222957650000000E-02
 2.693512640000000E-04
 2.230059320000000E-05
 -4.354643400000000E-07
E-LAK13
694532
 2.813655150000000
 -1.348799980000000E-02
 1.919207540000000E-02
 4.149868340000000E-04
 -7.453900970000000E-06
 7.654537190000000E-07
E-LAK14
697555
 2.827667400000000
 -1.463592260000000E-02
 1.837605590000000E-02
 4.205489790000000E-04
 -1.318278010000000E-05
 9.748060170000001E-07
E-LAK18
729547
 2.933858620000000
 -1.503476420000000E-02
 1.985798370000000E-02
 5.003106750000000E-04
 -2.057525310000000E-05
 1.374997760000000E-06
E-LAK01
640601
 2.648165550000000
 -1.399557270000000E-02
 1.527755930000000E-02
 2.273665940000000E-04
 4.862195310000000E-06
 -2.332765010000000E-07
E-LAK02
670573
 2.742419580000000
 -1.302038620000000E-02
 1.596893210000000E-02
 7.091788310000000E-04
 -6.081924660000000E-05
 3.511665380000000E-06
E-LAK09
734515
 2.953102310000000
 -1.967247310000000E-02
 1.742579220000000E-02
 1.528665450000000E-03
 -1.370286720000000E-04
 6.723533020000000E-06
E-LAKH1
748523
 2.982439420000000
 -2.024229460000000E-03
 2.679066790000000E-02
 -6.323014370000000E-04
 1.108986210000000E-04
 -4.158410800000000E-06
E-LASKH2
755523
 3.017409290000000
 -1.501921150000000E-02
 2.207999370000000E-02
 4.766755870000000E-04
 -9.364640020000001E-06
 9.635418520000000E-07
LAF2
744450
 2.966463360000000
 -1.184749000000000E-02
 2.659597140000000E-02
 7.166822530000000E-05
 6.759269470000000E-05
 -1.704165560000000E-06
LAF3
717481
 2.830873750000000
 2.556412440000000E-02
 5.044858860000000E-02
 -6.703979680000000E-03
 8.789223610000000E-04
 -4.052452410000000E-05
LAF7
750352
 2.871638010000000
 5.586318650000000E-02
 8.260113350000001E-02
 -1.257132660000000E-02
 1.714140050000000E-03
 -7.977216810000001E-05
LAF9
795286
 3.097921130000000
 -1.112466320000000E-02
 3.882449680000000E-02
 1.949183880000000E-03
 -6.840197909999999E-05
 1.330305300000000E-05
LAF11
757317
 2.809630920000000
 0.1142766910000000
 0.1251063880000000
 -2.217089520000000E-02
 2.916175550000000E-03
 -1.356855070000000E-04
LAF09
697485
 2.821152490000000
 -1.284200410000000E-02
 1.957427670000000E-02
 8.519712090000000E-04
 -3.820467760000000E-05
 2.424251270000000E-06
E-LAF2
744448
 2.968482700000000
 -1.160327010000000E-02
 2.448336720000000E-02
 7.759768560000000E-04
 -2.443426220000000E-05
 3.018320490000000E-06
E-LAF7
749353
 2.966312790000000
 -1.092742080000000E-02
 3.142771880000000E-02
 7.032887320000000E-04
 4.433176880000000E-05
 2.651903310000000E-06
E-LAF9
795286
 3.097921130000000
 -1.112466320000000E-02
 3.882449680000000E-02
 1.949183880000000E-03
 -6.840197909999999E-05
 1.330305300000000E-05
E-LAF01
700481
 2.827620910000000
 -1.122275530000000E-02
 2.131690980000000E-02
 5.593253550000000E-04
 -1.335713800000000E-05
 1.863855870000000E-06
E-LAF02
720437
 2.887616130000000
 -1.132240550000000E-02
 2.346206580000000E-02
 8.791557780000000E-04
 -3.937272410000000E-05
 4.435317430000000E-06
E-LAF04
757478
 3.016543650000000
 -1.424620830000000E-02
 2.512231640000000E-02
 1.959929970000000E-04
 4.350636410000000E-05
 -7.856066370000000E-07
E-LAF05
762401
 3.020464440000000
 -1.216323640000000E-02
 2.802384600000000E-02
 8.614416810000000E-04
 -1.404864710000000E-05
 4.561303500000000E-06
E-LAF010
743493
 2.962017420000000
 -6.907873350000000E-03
 2.953406780000000E-02
 -1.393382480000000E-03
 2.523171720000000E-04
 -1.245434000000000E-05
E-LAF016
801350
 3.141588650000000
 -1.476533430000000E-02
 3.342310420000000E-02
 1.254301670000000E-03
 -3.492772870000000E-05
 8.758943500000001E-06
LASF01
786442
 3.106256260000000
 -1.302420320000000E-02
 3.000568530000000E-02
 -2.794595880000000E-04
 1.479538450000000E-04
 -6.924513090000000E-06
LASF02
800422
 3.156116910000000
 -1.727997260000000E-02
 2.733368590000000E-02
 1.199918150000000E-03
 -6.256743870000001E-05
 5.655718790000000E-06
LASF010
834373
 3.162451330000000
 4.629810740000000E-02
 9.621568060000001E-02
 -1.807106940000000E-02
 2.856516810000000E-03
 -1.616506100000000E-04
LASFH6
806333
 3.167451370000000
 -2.220546700000000E-02
 2.630248380000000E-02
 4.028855580000000E-03
 -4.018775490000000E-04
 2.821966810000000E-05
E-LASF03
806409
 3.197371660000000
 -3.202362600000000E-02
 1.678121950000000E-02
 4.297091960000000E-03
 -4.392992610000000E-04
 2.406695670000000E-05
E-LASF05
835427
 3.275554980000000
 -1.495872950000000E-02
 3.109272290000000E-02
 6.825869220000000E-04
 9.413107430000000E-06
 1.504585300000000E-06
E-LASF010
834372
 3.260609030000000
 -1.485815630000000E-02
 3.403191930000000E-02
 1.142042880000000E-03
 -1.891553620000000E-05
 5.342798560000000E-06
E-LASF013
804396
 3.164549730000000
 -1.466842820000000E-02
 3.038678700000000E-02
 1.029338230000000E-03
 -2.544355890000000E-05
 4.672716080000000E-06
E-LASF014
788474
 3.122150380000000
 -1.479583670000000E-02
 2.604524830000000E-02
 5.078117680000000E-04
 5.714468330000000E-06
 8.823578720000000E-07
E-LASF015
804466
 3.176561940000000
 -1.534266110000000E-02
 2.684725840000000E-02
 6.450319300000000E-04
 -5.173971700000000E-06
 1.391081200000000E-06
E-LASF016
772496
 3.072413780000000
 -1.468498040000000E-02
 2.442858570000000E-02
 3.981832550000000E-04
 1.228024380000000E-05
 1.237099290000000E-07
E-LASF017
795453
 3.144292120000000
 -1.565600590000000E-02
 2.636449500000000E-02
 8.794160970000000E-04
 -3.516784680000000E-05
 3.337097090000000E-06
E-LASFH2
767468
 3.049640210000000
 -1.437535670000000E-02
 2.479194470000000E-02
 6.388495180000000E-04
 -1.050684230000000E-05
 1.833876570000000E-06
E-FK5
489702
 2.188762100000000
 -9.557200700000001E-03
 8.991523200000000E-03
 1.456051600000000E-04
 -5.284306700000000E-06
 3.458801000000000E-07
E-FK01
498812
 2.222504690000000
 -8.508042820000001E-03
 5.666787000000000E-03
 8.418490500000000E-04
 -9.804140999999999E-05
 4.918685280000000E-06
E-FKH1
499821
 2.220254270000000
 -5.134968180000000E-03
 8.415877080000000E-03
 5.426355300000000E-05
 7.612882190000000E-06
 -4.898574409999999E-07
PK1
506666
 2.233770090000000
 -9.387073669999999E-03
 1.057537910000000E-02
 -3.481846790000000E-05
 2.380096970000000E-05
 -1.340308470000000E-06
PK2
520649
 2.268720910000000
 -5.772466360000000E-03
 1.533407780000000E-02
 -1.159258400000000E-03
 1.697392360000000E-04
 -8.270431420000001E-06
E-PKH1
520698
 2.279699290000000
 -9.679396990000000E-03
 9.833016590000000E-03
 1.658906690000000E-04
 -3.863439670000000E-06
 1.393699010000000E-07
E-PSK02
620631
 2.576514360000000
 -8.173963990000000E-03
 1.527063970000000E-02
 -1.173850230000000E-04
 4.699520080000000E-05
 -2.259689440000000E-06
E-PSK03
605652
 2.531323910000000
 -8.655790540000000E-03
 1.428294870000000E-02
 -1.151105820000000E-04
 4.155115760000000E-05
 -1.986983600000000E-06
E-BK7
519639
 2.271192000000000
 -9.661267630000000E-03
 1.103069690000000E-02
 7.003799640000000E-05
 1.396585440000000E-05
 -7.625604540000000E-07
BAK2
542594
 2.319724520000000
 2.602493170000000E-03
 2.249806540000000E-02
 -2.672040980000000E-03
 3.926685610000000E-04
 -2.043302800000000E-05
BAK4
571558
 2.414299170000000
 -2.829973520000000E-03
 1.680892390000000E-02
 -8.945119370000000E-05
 -1.350521570000000E-05
 4.145336460000000E-06
E-BAK1
575575
 2.443532740000000
 -1.614551840000000E-02
 8.819278979999999E-03
 1.446875420000000E-03
 -1.363317980000000E-04
 6.033098080000000E-06
E-BAK2
542592
 2.336643220000000
 -8.625883819999999E-03
 1.250799020000000E-02
 1.755501870000000E-04
 4.022686770000000E-06
 -3.587850190000000E-08
E-BAK4
571561
 2.422047400000000
 -9.352864390000000E-03
 1.382824040000000E-02
 2.920972620000000E-04
 -5.778197310000000E-06
 7.056448880000000E-07
K3
520586
 2.271870470000000
 -8.333883650000000E-03
 1.194249780000000E-02
 1.494434380000000E-04
 8.303796659999999E-06
 -2.694973890000000E-07
K5
525595
 2.259379340000000
 9.090503740000000E-03
 2.633942150000000E-02
 -3.777418430000000E-03
 5.228701950000000E-04
 -2.629181850000000E-05
E-K5
525595
 2.259379340000000
 9.090503740000000E-03
 2.633942150000000E-02
 -3.777418430000000E-03
 5.228701950000000E-04
 -2.629181850000000E-05
KF6
520520
 2.249554020000000
 2.262244850000000E-03
 2.217465190000000E-02
 -2.282487820000000E-03
 3.444372970000000E-04
 -1.737741460000000E-05
KZFS4
617441
 2.554361990000000
 -1.652279890000000E-02
 1.560255850000000E-02
 1.407955160000000E-03
 -1.318866870000000E-04
 8.507447109999999E-06
E-BALF4
582534
 2.459998450000000
 -1.406953720000000E-02
 1.049629880000000E-02
 1.542666690000000E-03
 -1.691741260000000E-04
 9.435108590000001E-06
BAF3
586462
 2.438681930000000
 1.609960980000000E-03
 2.688829430000000E-02
 -2.446579170000000E-03
 3.965660860000000E-04
 -1.973045900000000E-05
BAF4
609435
 2.504958570000000
 3.324741180000000E-03
 2.831427960000000E-02
 -2.044137840000000E-03
 3.343099240000000E-04
 -1.534857790000000E-05
BAF8
627468
 2.576356380000000
 -4.964318960000000E-03
 2.151531400000000E-02
 -2.533858080000000E-04
 7.507446500000001E-05
 -1.820369420000000E-06
BAF10
673468
 2.708193980000000
 4.899892660000000E-03
 3.147873800000000E-02
 -2.304341780000000E-03
 3.414449380000000E-04
 -1.465281000000000E-05
BAF11
670481
 2.718363810000000
 -9.306714520000000E-03
 2.090148290000000E-02
 1.588714370000000E-04
 4.065932190000000E-05
 -8.563966110000000E-07
E-BAF8
627468
 2.580726940000000
 -8.266824989999999E-03
 1.927736950000000E-02
 2.873916470000000E-04
 1.543999620000000E-05
 4.637473580000000E-07
E-BAF12
643446
 2.628337480000000
 -1.009740720000000E-02
 2.031764390000000E-02
 3.753022870000000E-04
 1.459832540000000E-05
 1.371264330000000E-06
BASF2
669356
 2.677013580000000
 3.011703740000000E-03
 3.312037600000000E-02
 -9.256635580000000E-04
 1.805363820000000E-04
 -2.622152980000000E-06
BASF4
655379
 2.653252290000000
 -6.578820860000000E-03
 2.439775920000000E-02
 5.194975510000000E-04
 2.487769760000000E-05
 1.560993920000000E-06
BASF6
671417
 2.718163260000000
 -1.334621880000000E-02
 2.057830770000000E-02
 9.283221480000000E-04
 -1.411159350000000E-05
 1.659476340000000E-06
BASF7
706409
 2.835150390000000
 -1.785081430000000E-02
 1.539785980000000E-02
 3.719055150000000E-03
 -4.884821820000000E-04
 3.290179110000000E-05
BASF8
728377
 2.881495360000000
 -6.454380840000000E-03
 3.074683590000000E-02
 -1.396031070000000E-04
 1.314241160000000E-04
 -2.444940300000000E-06
BASF12
674390
 2.729422080000000
 -1.897807510000000E-02
 1.735778420000000E-02
 2.340994620000000E-03
 -1.982770230000000E-04
 1.222740970000000E-05
SK2
610565
 2.542329700000000
 -1.001372050000000E-02
 1.366270690000000E-02
 8.285865710000000E-04
 -8.590268490000000E-05
 5.079496290000000E-06
SK4
615582
 2.542123970000000
 2.965422360000000E-03
 2.316273680000000E-02
 -1.681083030000000E-03
 2.235719080000000E-04
 -1.000550540000000E-05
SK9
617548
 2.564247830000000
 -1.337038150000000E-02
 1.398205080000000E-02
 7.030772730000000E-04
 -4.206054060000000E-05
 2.098576390000000E-06
SK15
626580
 2.595128820000000
 -1.330174630000000E-02
 1.295052990000000E-02
 9.469769760000000E-04
 -9.281618460000000E-05
 5.074742250000000E-06
SK16
623600
 2.592001400000000
 -1.540969080000000E-02
 1.022680230000000E-02
 1.581558720000000E-03
 -1.877148530000000E-04
 1.012514800000000E-05
SK18
641552
 2.652537320000000
 -2.070768910000000E-02
 8.235651890000001E-03
 2.598900340000000E-03
 -3.027232400000000E-04
 1.591967000000000E-05
E-SK4
615585
 2.559357390000000
 -1.016665570000000E-02
 1.458787000000000E-02
 3.654410700000000E-04
 -1.591512290000000E-05
 9.986143900000000E-07
E-SK5
591609
 2.486168590000000
 -9.620904140000001E-03
 1.468663480000000E-02
 -1.178771350000000E-04
 4.438766150000000E-05
 -2.052282880000000E-06
E-SK10
625568
 2.589123260000000
 -1.001151860000000E-02
 1.561658050000000E-02
 3.287586050000000E-04
 -9.848585790000000E-06
 7.828771690000000E-07
E-SK11
566604
 2.410343650000000
 -1.012865590000000E-02
 1.267484120000000E-02
 2.573470780000000E-04
 -6.242791330000000E-06
 3.359322240000000E-07
E-SK14
605604
 2.531045230000000
 -1.077428960000000E-02
 1.401000060000000E-02
 2.478860410000000E-04
 -1.088164400000000E-06
 1.034155480000000E-07
SSK1
620537
 2.577487880000000
 -1.546624970000000E-02
 1.135863120000000E-02
 1.651928290000000E-03
 -1.733263570000000E-04
 9.058966440000000E-06
SSK2
625528
 2.591242830000000
 -1.427206200000000E-02
 1.239655690000000E-02
 1.537740310000000E-03
 -1.592744720000000E-04
 8.552111310000000E-06
SSK8
621495
 2.570478240000000
 -1.196864630000000E-02
 1.497124110000000E-02
 1.128455480000000E-03
 -1.104138260000000E-04
 7.398150320000000E-06
E-SSK5
662506
 2.696037960000000
 -1.007298390000000E-02
 1.886579450000000E-02
 3.680384900000000E-04
 4.060844480000000E-06
 4.574606760000000E-07
LLF1
551456
 2.362447700000000
 -1.634942620000000E-02
 8.894780910000000E-03
 2.311903170000000E-03
 -2.574939760000000E-04
 1.457858650000000E-05
LLF2
543469
 2.311056430000000
 3.592112260000000E-03
 2.635349250000000E-02
 -2.861817400000000E-03
 4.429610850000000E-04
 -2.227926210000000E-05
LLF6
534489
 2.326858240000000
 -2.496167650000000E-02
 2.979230690000000E-03
 3.164391590000000E-03
 -3.498772660000000E-04
 1.777229500000000E-05
E-LLF6
534486
 2.304660000000000
 -8.641313479999999E-03
 1.459446180000000E-02
 2.065978740000000E-04
 1.889316160000000E-05
 1.826267890000000E-07
LF5
585405
 2.439252050000000
 -5.116675640000000E-03
 2.191912180000000E-02
 -3.080890170000000E-04
 1.181173190000000E-04
 -4.409046640000000E-06
LF6
570424
 2.402616100000000
 -5.310264020000000E-03
 1.706230680000000E-02
 9.925869950000001E-04
 -1.107158140000000E-04
 9.212954040000000E-06
LF7
578413
 2.440824130000000
 -2.002119120000000E-02
 1.089699220000000E-02
 2.343395940000000E-03
 -2.198222180000000E-04
 1.221823310000000E-05
F1
630354
 2.562519190000000
 -3.146234870000000E-03
 2.916002420000000E-02
 -8.707300120000000E-04
 2.265331950000000E-04
 -8.612399460000000E-06
F2
624361
 2.545002310000000
 -1.337395840000000E-03
 2.801151160000000E-02
 -5.417020560000000E-04
 1.501753740000000E-04
 -3.617071050000000E-06
F3
617367
 2.522283120000000
 -1.048230340000000E-03
 2.939576500000000E-02
 -1.391630330000000E-03
 2.896805050000000E-04
 -1.265088870000000E-05
F5
607378
 2.527724840000000
 -2.381908020000000E-02
 1.020503700000000E-02
 3.480575620000000E-03
 -3.603615300000000E-04
 2.057311160000000E-05
F8
599390
 2.472864610000000
 -1.511926880000000E-03
 2.760046120000000E-02
 -1.525503710000000E-03
 2.907114880000000E-04
 -1.284843260000000E-05
E-F2
624360
 2.557392820000000
 -1.079512290000000E-02
 2.168073280000000E-02
 1.051659790000000E-03
 -5.363098160000000E-05
 7.746632600000000E-06
E-F5
607377
 2.508636190000000
 -1.018693650000000E-02
 2.045164740000000E-02
 8.410695180000001E-04
 -3.635653810000000E-05
 5.997126640000000E-06
SF1
723293
 2.839802550000000
 -4.469128480000000E-03
 3.464027740000000E-02
 1.334321520000000E-03
 -5.451762180000000E-05
 1.214723700000000E-05
SF2
652336
 2.612481970000000
 7.294837770000000E-03
 3.844929100000000E-02
 -2.459876710000000E-03
 4.247474620000000E-04
 -1.668865370000000E-05
SF4
762274
 2.988118600000000
 -3.043514190000000E-02
 2.377230150000000E-02
 5.097428430000000E-03
 -4.379462620000000E-04
 3.025834920000000E-05
SF5
678319
 2.735990510000000
 -2.724149570000000E-02
 1.394695950000000E-02
 4.883728220000000E-03
 -4.997413900000000E-04
 2.996088960000000E-05
SF6
813252
 3.080799090000000
 1.530034600000000E-02
 6.350134130000000E-02
 -2.963535100000000E-03
 6.026373820000000E-04
 -1.590890600000000E-05
SF7
644343
 2.602245090000000
 -2.282728090000000E-03
 3.132390430000000E-02
 -1.109815160000000E-03
 2.844724300000000E-04
 -1.205446700000000E-05
SF8
694309
 2.798857780000000
 -3.718093060000000E-02
 7.630190590000000E-03
 7.231690980000000E-03
 -8.073847220000000E-04
 4.696666670000000E-05
SF9
659336
 2.661342010000000
 -1.187902530000000E-02
 2.328060840000000E-02
 1.777729260000000E-03
 -1.298548710000000E-04
 1.138748480000000E-05
SF10
734281
 2.842084610000000
 1.641575560000000E-02
 5.206045650000000E-02
 -2.610462530000000E-03
 4.469769680000000E-04
 -9.429829500000000E-06
SF11
792256
 3.127486620000000
 -6.374660470000000E-02
 -9.890957350000000E-04
 1.363913290000000E-02
 -1.588823870000000E-03
 9.646333390000000E-05
SF13
747274
 2.922629880000000
 -1.150017810000000E-02
 2.875835120000000E-02
 4.472855340000000E-03
 -4.973005970000000E-04
 4.089372360000000E-05
SF14
769263
 2.983846140000000
 -1.289956090000000E-02
 3.563966400000000E-02
 2.969076410000000E-03
 -2.226990500000000E-04
 2.674236490000000E-05
SF15
704299
 2.787118020000000
 -6.950627760000000E-03
 3.016016090000000E-02
 2.076089600000000E-03
 -1.855961600000000E-04
 2.047325080000000E-05
SF03
855237
 3.261335380000000
 -1.832791830000000E-02
 4.155169960000000E-02
 4.949089820000000E-03
 -3.884547920000000E-04
 3.837014440000000E-05
E-SF1
723293
 2.848278560000000
 -1.225484790000000E-02
 3.167369540000000E-02
 1.707453620000000E-03
 -7.330089410000000E-05
 1.410128150000000E-05
E-SF2
652335
 2.634295940000000
 -9.208402090000000E-03
 2.742660230000000E-02
 2.254414720000000E-04
 9.976442210000000E-05
 1.762591160000000E-08
E-SF4
762273
 2.964697620000000
 -1.286507130000000E-02
 3.572997930000000E-02
 2.165728770000000E-03
 -1.022434040000000E-04
 1.824398350000000E-05
E-SF5
678319
 2.712017420000000
 -1.112286410000000E-02
 2.769134130000000E-02
 1.131936870000000E-03
 -2.422506400000000E-05
 8.915153359999999E-06
E-SF6
813252
 3.117837000000000
 -1.194107370000000E-02
 4.436022650000000E-02
 1.813480560000000E-03
 4.696699290000000E-06
 1.617541360000000E-05
E-SF8
694308
 2.761553810000000
 -1.163483860000000E-02
 2.863557350000000E-02
 1.552931370000000E-03
 -7.945105890000000E-05
 1.286095390000000E-05
E-SF10
734282
 2.879681930000000
 -1.230381150000000E-02
 3.344302500000000E-02
 1.834711630000000E-03
 -8.125080730000000E-05
 1.594408370000000E-05
E-SF11
792255
 3.056549350000000
 -1.431597090000000E-02
 3.815930270000000E-02
 3.156759130000000E-03
 -2.235233850000000E-04
 2.900210690000000E-05
E-SF13
747276
 2.920062120000000
 -1.344360380000000E-02
 3.335568440000000E-02
 2.460929590000000E-03
 -1.604921680000000E-04
 2.115118460000000E-05
E-SF14
769263
 2.983846140000000
 -1.289956090000000E-02
 3.563966400000000E-02
 2.969076410000000E-03
 -2.226990500000000E-04
 2.674236490000000E-05
E-SF15
704299
 2.790315800000000
 -1.184645090000000E-02
 3.057513410000000E-02
 1.410306080000000E-03
 -4.158956310000000E-05
 1.147409350000000E-05
E-SF03
855236
 3.254928930000000
 -1.560260340000000E-02
 4.582282090000000E-02
 3.727363400000000E-03
 -2.389766940000000E-04
 3.427451420000000E-05
SFS3
792260
 3.071402130000000
 -2.168875000000000E-02
 2.943887400000000E-02
 5.498531680000000E-03
 -5.380916430000000E-04
 4.131753770000000E-05
E-SFS3
792261
 3.057011520000000
 -1.322519450000000E-02
 3.908530180000000E-02
 2.514801600000000E-03
 -1.318765420000000E-04
 2.248989580000000E-05
LAK7
654583
 2.684145590000000
 -1.282174640000000E-02
 1.520998940000000E-02
 5.791020800000000E-04
 -4.197895480000000E-05
 2.326210160000000E-06
LAK9
694546
 2.782119530000000
 3.869887920000000E-03
 3.229938420000000E-02
 -3.179158860000000E-03
 4.358368480000000E-04
 -2.062241340000000E-05
LAK12
681552
 2.780947550000000
 -2.366249980000000E-02
 8.676537170000000E-03
 2.941810020000000E-03
 -3.515541370000000E-04
 1.844065030000000E-05
LAK04
654559
 2.676808600000000
 -1.021732690000000E-02
 1.773895010000000E-02
 2.822471620000000E-05
 4.327400160000000E-05
 -2.158472660000000E-06
LAK09
737513
 2.953102310000000
 -1.967247310000000E-02
 1.742579220000000E-02
 1.528665450000000E-03
 -1.370286720000000E-04
 6.723533020000000E-06
LAK011
744524
 2.971993420000000
 -1.524352490000000E-02
 2.020611580000000E-02
 8.752521670000000E-04
 -7.671807440000000E-05
 4.848071950000000E-06
E-LAK8
716536
 2.878645410000000
 -1.423149310000000E-02
 1.980257680000000E-02
 4.011795700000000E-04
 -6.688785860000000E-06
 7.868697470000000E-07
E-LAK10
723500
 2.895283580000000
 -1.176868070000000E-02
 2.222957650000000E-02
 2.693512640000000E-04
 2.230059320000000E-05
 -4.354643400000000E-07
E-LAK13
697530
 2.813655150000000
 -1.348799980000000E-02
 1.919207540000000E-02
 4.149868340000000E-04
 -7.453900970000000E-06
 7.654537190000000E-07
E-LAK14
700553
 2.827667400000000
 -1.463592260000000E-02
 1.837605590000000E-02
 4.205489790000000E-04
 -1.318278010000000E-05
 9.748060170000001E-07
E-LAK18
732544
 2.933858620000000
 -1.503476420000000E-02
 1.985798370000000E-02
 5.003106750000000E-04
 -2.057525310000000E-05
 1.374997760000000E-06
E-LAK01
643599
 2.648165550000000
 -1.399557270000000E-02
 1.527755930000000E-02
 2.273665940000000E-04
 4.862195310000000E-06
 -2.332765010000000E-07
E-LAK02
673571
 2.742419580000000
 -1.302038620000000E-02
 1.596893210000000E-02
 7.091788310000000E-04
 -6.081924660000000E-05
 3.511665380000000E-06
E-LAK09
737513
 2.953102310000000
 -1.967247310000000E-02
 1.742579220000000E-02
 1.528665450000000E-03
 -1.370286720000000E-04
 6.723533020000000E-06
E-LAKH1
752521
 2.982439420000000
 -2.024229460000000E-03
 2.679066790000000E-02
 -6.323014370000000E-04
 1.108986210000000E-04
 -4.158410800000000E-06
E-LASKH2
758521
 3.017409290000000
 -1.501921150000000E-02
 2.207999370000000E-02
 4.766755870000000E-04
 -9.364640020000001E-06
 9.635418520000000E-07
LAF2
748448
 2.966463360000000
 -1.184749000000000E-02
 2.659597140000000E-02
 7.166822530000000E-05
 6.759269470000000E-05
 -1.704165560000000E-06
LAF3
721479
 2.830873750000000
 2.556412440000000E-02
 5.044858860000000E-02
 -6.703979680000000E-03
 8.789223610000000E-04
 -4.052452410000000E-05
LAF7
755349
 2.871638010000000
 5.586318650000000E-02
 8.260113350000001E-02
 -1.257132660000000E-02
 1.714140050000000E-03
 -7.977216810000001E-05
LAF9
802284
 3.097921130000000
 -1.112466320000000E-02
 3.882449680000000E-02
 1.949183880000000E-03
 -6.840197909999999E-05
 1.330305300000000E-05
LAF11
763315
 2.809630920000000
 0.1142766910000000
 0.1251063880000000
 -2.217089520000000E-02
 2.916175550000000E-03
 -1.356855070000000E-04
LAF09
700482
 2.821152490000000
 -1.284200410000000E-02
 1.957427670000000E-02
 8.519712090000000E-04
 -3.820467760000000E-05
 2.424251270000000E-06
E-LAF2
748445
 2.968482700000000
 -1.160327010000000E-02
 2.448336720000000E-02
 7.759768560000000E-04
 -2.443426220000000E-05
 3.018320490000000E-06
E-LAF7
755350
 2.966312790000000
 -1.092742080000000E-02
 3.142771880000000E-02
 7.032887320000000E-04
 4.433176880000000E-05
 2.651903310000000E-06
E-LAF9
802284
 3.097921130000000
 -1.112466320000000E-02
 3.882449680000000E-02
 1.949183880000000E-03
 -6.840197909999999E-05
 1.330305300000000E-05
E-LAF01
703478
 2.827620910000000
 -1.122275530000000E-02
 2.131690980000000E-02
 5.593253550000000E-04
 -1.335713800000000E-05
 1.863855870000000E-06
E-LAF02
724434
 2.887616130000000
 -1.132240550000000E-02
 2.346206580000000E-02
 8.791557780000000E-04
 -3.937272410000000E-05
 4.435317430000000E-06
E-LAF04
761476
 3.016543650000000
 -1.424620830000000E-02
 2.512231640000000E-02
 1.959929970000000E-04
 4.350636410000000E-05
 -7.856066370000000E-07
E-LAF05
767398
 3.020464440000000
 -1.216323640000000E-02
 2.802384600000000E-02
 8.614416810000000E-04
 -1.404864710000000E-05
 4.561303500000000E-06
E-LAF010
747491
 2.962017420000000
 -6.907873350000000E-03
 2.953406780000000E-02
 -1.393382480000000E-03
 2.523171720000000E-04
 -1.245434000000000E-05
E-LAF016
806347
 3.141588650000000
 -1.476533430000000E-02
 3.342310420000000E-02
 1.254301670000000E-03
 -3.492772870000000E-05
 8.758943500000001E-06
LASF01
790439
 3.106256260000000
 -1.302420320000000E-02
 3.000568530000000E-02
 -2.794595880000000E-04
 1.479538450000000E-04
 -6.924513090000000E-06
LASF02
804420
 3.156116910000000
 -1.727997260000000E-02
 2.733368590000000E-02
 1.199918150000000E-03
 -6.256743870000001E-05
 5.655718790000000E-06
LASF010
839371
 3.162451330000000
 4.629810740000000E-02
 9.621568060000001E-02
 -1.807106940000000E-02
 2.856516810000000E-03
 -1.616506100000000E-04
LASFH6
812330
 3.167451370000000
 -2.220546700000000E-02
 2.630248380000000E-02
 4.028855580000000E-03
 -4.018775490000000E-04
 2.821966810000000E-05
E-LASF03
811407
 3.197371660000000
 -3.202362600000000E-02
 1.678121950000000E-02
 4.297091960000000E-03
 -4.392992610000000E-04
 2.406695670000000E-05
E-LASF05
839425
 3.275554980000000
 -1.495872950000000E-02
 3.109272290000000E-02
 6.825869220000000E-04
 9.413107430000000E-06
 1.504585300000000E-06
E-LASF010
839369
 3.260609030000000
 -1.485815630000000E-02
 3.403191930000000E-02
 1.142042880000000E-03
 -1.891553620000000E-05
 5.342798560000000E-06
E-LASF013
809393
 3.164549730000000
 -1.466842820000000E-02
 3.038678700000000E-02
 1.029338230000000E-03
 -2.544355890000000E-05
 4.672716080000000E-06
E-LASF014
792471
 3.122150380000000
 -1.479583670000000E-02
 2.604524830000000E-02
 5.078117680000000E-04
 5.714468330000000E-06
 8.823578720000000E-07
E-LASF015
808463
 3.176561940000000
 -1.534266110000000E-02
 2.684725840000000E-02
 6.450319300000000E-04
 -5.173971700000000E-06
 1.391081200000000E-06
E-LASF016
776494
 3.072413780000000
 -1.468498040000000E-02
 2.442858570000000E-02
 3.981832550000000E-04
 1.228024380000000E-05
 1.237099290000000E-07
E-LASF017
799450
 3.144292120000000
 -1.565600590000000E-02
 2.636449500000000E-02
 8.794160970000000E-04
 -3.516784680000000E-05
 3.337097090000000E-06
E-LASFH2
771466
 3.049640210000000
 -1.437535670000000E-02
 2.479194470000000E-02
 6.388495180000000E-04
 -1.050684230000000E-05
 1.833876570000000E-06
EOS