E-FK5	487704	489702	2.18876210E+00	-9.55720070E-03	8.99152320E-03	1.45605160E-04	-5.28430670E-06	3.45880100E-07
E-FK01	497816	498812	2.22250469E+00	-8.50804282E-03	5.66678700E-03	8.41849050E-04	-9.80414100E-05	4.91868528E-06
E-FKH1	498825	499821	2.22025427E+00	-5.13496818E-03	8.41587708E-03	5.42635530E-05	7.61288219E-06	-4.89857441E-07
PK1	504668	506666	2.23377009E+00	-9.38707367E-03	1.05753791E-02	-3.48184679E-05	2.38009697E-05	-1.34030847E-06
PK2	518650	520649	2.26872091E+00	-5.77246636E-03	1.53340778E-02	-1.15925840E-03	1.69739236E-04	-8.27043142E-06
E-PKH1	519700	520698	2.27969929E+00	-9.67939699E-03	9.83301659E-03	1.65890669E-04	-3.86343967E-06	1.39369901E-07
E-PSK02	618634	620631	2.57651436E+00	-8.17396399E-03	1.52706397E-02	-1.17385023E-04	4.69952008E-05	-2.25968944E-06
E-PSK03	603655	605652	2.53132391E+00	-8.65579054E-03	1.42829487E-02	-1.15110582E-04	4.15511576E-05	-1.98698360E-06
E-BK7	517641	519639	2.27119200E+00	-9.66126763E-03	1.10306969E-02	7.00379964E-05	1.39658544E-05	-7.62560454E-07
BAK2	540597	542594	2.31972452E+00	2.60249317E-03	2.24980654E-02	-2.67204098E-03	3.92668561E-04	-2.04330280E-05
BAK4	569560	571558	2.41429917E+00	-2.82997352E-03	1.68089239E-02	-8.94511937E-05	-1.35052157E-05	4.14533646E-06
E-BAK1	572577	575575	2.44353274E+00	-1.61455184E-02	8.81927898E-03	1.44687542E-03	-1.36331798E-04	6.03309808E-06
E-BAK2	540595	542592	2.33664322E+00	-8.62588382E-03	1.25079902E-02	1.75550187E-04	4.02268677E-06	-3.58785019E-08
E-BAK4	569563	571561	2.42204740E+00	-9.35286439E-03	1.38282404E-02	2.92097262E-04	-5.77819731E-06	7.05644888E-07
K3	518589	520586	2.27187047E+00	-8.33388365E-03	1.19424978E-02	1.49443438E-04	8.30379666E-06	-2.69497389E-07
K5	522597	525595	2.25937934E+00	9.09050374E-03	2.63394215E-02	-3.77741843E-03	5.22870195E-04	-2.62918185E-05
E-K5	522597	525595	2.25937934E+00	9.09050374E-03	2.63394215E-02	-3.77741843E-03	5.22870195E-04	-2.62918185E-05
KF6	517523	520520	2.24955402E+00	2.26224485E-03	2.21746519E-02	-2.28248782E-03	3.44437297E-04	-1.73774146E-05
KZFS4	613443	617441	2.55436199E+00	-1.65227989E-02	1.56025585E-02	1.40795516E-03	-1.31886687E-04	8.50744711E-06
E-BALF4	580537	582534	2.45999845E+00	-1.40695372E-02	1.04962988E-02	1.54266669E-03	-1.69174126E-04	9.43510859E-06
BAF3	583465	586462	2.43868193E+00	1.60996098E-03	2.68882943E-02	-2.44657917E-03	3.96566086E-04	-1.97304590E-05
BAF4	606438	609435	2.50495857E+00	3.32474118E-03	2.83142796E-02	-2.04413784E-03	3.34309924E-04	-1.53485779E-05
BAF8	624471	627468	2.57635638E+00	-4.96431896E-03	2.15153140E-02	-2.53385808E-04	7.50744650E-05	-1.82036942E-06
BAF10	670471	673468	2.70819398E+00	4.89989266E-03	3.14787380E-02	-2.30434178E-03	3.41444938E-04	-1.46528100E-05
BAF11	667484	670481	2.71836381E+00	-9.30671452E-03	2.09014829E-02	1.58871437E-04	4.06593219E-05	-8.56396611E-07
E-BAF8	624470	627468	2.58072694E+00	-8.26682499E-03	1.92773695E-02	2.87391647E-04	1.54399962E-05	4.63747358E-07
E-BAF12	639449	643446	2.62833748E+00	-1.00974072E-02	2.03176439E-02	3.75302287E-04	1.45983254E-05	1.37126433E-06
BASF2	664359	669356	2.67701358E+00	3.01170374E-03	3.31203760E-02	-9.25663558E-04	1.80536382E-04	-2.62215298E-06
BASF4	651382	655379	2.65325229E+00	-6.57882086E-03	2.43977592E-02	5.19497551E-04	2.48776976E-05	1.56099392E-06
BASF6	668420	671417	2.71816326E+00	-1.33462188E-02	2.05783077E-02	9.28322148E-04	-1.41115935E-05	1.65947634E-06
BASF7	702412	706409	2.83515039E+00	-1.78508143E-02	1.53978598E-02	3.71905515E-03	-4.88482182E-04	3.29017911E-05
BASF8	723380	728377	2.88149536E+00	-6.45438084E-03	3.07468359E-02	-1.39603107E-04	1.31424116E-04	-2.44494030E-06
BASF12	670392	674390	2.72942208E+00	-1.89780751E-02	1.73577842E-02	2.34099462E-03	-1.98277023E-04	1.22274097E-05
SK2	607567	610565	2.54232970E+00	-1.00137205E-02	1.36627069E-02	8.28586571E-04	-8.59026849E-05	5.07949629E-06
SK4	613585	615582	2.54212397E+00	2.96542236E-03	2.31627368E-02	-1.68108303E-03	2.23571908E-04	-1.00055054E-05
SK9	614551	617548	2.56424783E+00	-1.33703815E-02	1.39820508E-02	7.03077273E-04	-4.20605406E-05	2.09857639E-06
SK15	623582	626580	2.59512882E+00	-1.33017463E-02	1.29505299E-02	9.46976976E-04	-9.28161846E-05	5.07474225E-06
SK16	620603	623600	2.59200140E+00	-1.54096908E-02	1.02268023E-02	1.58155872E-03	-1.87714853E-04	1.01251480E-05
SK18	639555	641552	2.65253732E+00	-2.07076891E-02	8.23565189E-03	2.59890034E-03	-3.02723240E-04	1.59196700E-05
E-SK4	613587	615585	2.55935739E+00	-1.01666557E-02	1.45878700E-02	3.65441070E-04	-1.59151229E-05	9.98614390E-07
E-SK5	589612	591609	2.48616859E+00	-9.62090414E-03	1.46866348E-02	-1.17877135E-04	4.43876615E-05	-2.05228288E-06
E-SK10	623570	625568	2.58912326E+00	-1.00115186E-02	1.56165805E-02	3.28758605E-04	-9.84858579E-06	7.82877169E-07
E-SK11	564607	566604	2.41034365E+00	-1.01286559E-02	1.26748412E-02	2.57347078E-04	-6.24279133E-06	3.35932224E-07
E-SK14	603607	605604	2.53104523E+00	-1.07742896E-02	1.40100006E-02	2.47886041E-04	-1.08816440E-06	1.03415548E-07
SSK1	617540	620537	2.57748788E+00	-1.54662497E-02	1.13586312E-02	1.65192829E-03	-1.73326357E-04	9.05896644E-06
SSK2	622531	625528	2.59124283E+00	-1.42720620E-02	1.23965569E-02	1.53774031E-03	-1.59274472E-04	8.55211131E-06
SSK8	618498	621495	2.57047824E+00	-1.19686463E-02	1.49712411E-02	1.12845548E-03	-1.10413826E-04	7.39815032E-06
E-SSK5	658509	662506	2.69603796E+00	-1.00729839E-02	1.88657945E-02	3.68038490E-04	4.06084448E-06	4.57460676E-07
LLF1	548459	551456	2.36244770E+00	-1.63494262E-02	8.89478091E-03	2.31190317E-03	-2.57493976E-04	1.45785865E-05
LLF2	541472	543469	2.31105643E+00	3.59211226E-03	2.63534925E-02	-2.86181740E-03	4.42961085E-04	-2.22792621E-05
LLF6	532491	534489	2.32685824E+00	-2.49616765E-02	2.97923069E-03	3.16439159E-03	-3.49877266E-04	1.77722950E-05
E-LLF6	532489	534486	2.30466000E+00	-8.64131348E-03	1.45944618E-02	2.06597874E-04	1.88931616E-05	1.82626789E-07
LF5	581408	585405	2.43925205E+00	-5.11667564E-03	2.19191218E-02	-3.08089017E-04	1.18117319E-04	-4.40904664E-06
LF6	567427	570424	2.40261610E+00	-5.31026402E-03	1.70623068E-02	9.92586995E-04	-1.10715814E-04	9.21295404E-06
LF7	575415	578413	2.44082413E+00	-2.00211912E-02	1.08969922E-02	2.34339594E-03	-2.19822218E-04	1.22182331E-05
F1	626356	630354	2.56251919E+00	-3.14623487E-03	2.91600242E-02	-8.70730012E-04	2.26533195E-04	-8.61239946E-06
F2	620363	624361	2.54500231E+00	-1.33739584E-03	2.80115116E-02	-5.41702056E-04	1.50175374E-04	-3.61707105E-06
F3	613370	617367	2.52228312E+00	-1.04823034E-03	2.93957650E-02	-1.39163033E-03	2.89680505E-04	-1.26508887E-05
F5	603381	607378	2.52772484E+00	-2.38190802E-02	1.02050370E-02	3.48057562E-03	-3.60361530E-04	2.05731116E-05
F8	596392	599390	2.47286461E+00	-1.51192688E-03	2.76004612E-02	-1.52550371E-03	2.90711488E-04	-1.28484326E-05
E-F2	620363	624360	2.55739282E+00	-1.07951229E-02	2.16807328E-02	1.05165979E-03	-5.36309816E-05	7.74663260E-06
E-F5	603380	607377	2.50863619E+00	-1.01869365E-02	2.04516474E-02	8.41069518E-04	-3.63565381E-05	5.99712664E-06
SF1	717295	723293	2.83980255E+00	-4.46912848E-03	3.46402774E-02	1.33432152E-03	-5.45176218E-05	1.21472370E-05
SF2	648338	652336	2.61248197E+00	7.29483777E-03	3.84492910E-02	-2.45987671E-03	4.24747462E-04	-1.66886537E-05
SF4	755276	762274	2.98811860E+00	-3.04351419E-02	2.37723015E-02	5.09742843E-03	-4.37946262E-04	3.02583492E-05
SF5	673322	678319	2.73599051E+00	-2.72414957E-02	1.39469595E-02	4.88372822E-03	-4.99741390E-04	2.99608896E-05
SF6	805254	813252	3.08079909E+00	1.53003460E-02	6.35013413E-02	-2.96353510E-03	6.02637382E-04	-1.59089060E-05
SF7	640346	644343	2.60224509E+00	-2.28272809E-03	3.13239043E-02	-1.10981516E-03	2.84472430E-04	-1.20544670E-05
SF8	689311	694309	2.79885778E+00	-3.71809306E-02	7.63019059E-03	7.23169098E-03	-8.07384722E-04	4.69666667E-05
SF9	654339	659336	2.66134201E+00	-1.18790253E-02	2.32806084E-02	1.77772926E-03	-1.29854871E-04	1.13874848E-05
SF10	728283	734281	2.84208461E+00	1.64157556E-02	5.20604565E-02	-2.61046253E-03	4.46976968E-04	-9.42982950E-06
SF11	785258	792256	3.12748662E+00	-6.37466047E-02	-9.89095735E-04	1.36391329E-02	-1.58882387E-03	9.64633339E-05
SF13	741276	747274	2.92262988E+00	-1.15001781E-02	2.87583512E-02	4.47285534E-03	-4.97300597E-04	4.08937236E-05
SF14	762266	769263	2.98384614E+00	-1.28995609E-02	3.56396640E-02	2.96907641E-03	-2.22699050E-04	2.67423649E-05
SF15	699301	704299	2.78711802E+00	-6.95062776E-03	3.01601609E-02	2.07608960E-03	-1.85596160E-04	2.04732508E-05
SF03	847239	855237	3.26133538E+00	-1.83279183E-02	4.15516996E-02	4.94908982E-03	-3.88454792E-04	3.83701444E-05
E-SF1	717295	723293	2.84827856E+00	-1.22548479E-02	3.16736954E-02	1.70745362E-03	-7.33008941E-05	1.41012815E-05
E-SF2	648338	652335	2.63429594E+00	-9.20840209E-03	2.74266023E-02	2.25441472E-04	9.97644221E-05	1.76259116E-08
E-SF4	755275	762273	2.96469762E+00	-1.28650713E-02	3.57299793E-02	2.16572877E-03	-1.02243404E-04	1.82439835E-05
E-SF5	673321	678319	2.71201742E+00	-1.11228641E-02	2.76913413E-02	1.13193687E-03	-2.42250640E-05	8.91515336E-06
E-SF6	805254	813252	3.11783700E+00	-1.19410737E-02	4.43602265E-02	1.81348056E-03	4.69669929E-06	1.61754136E-05
E-SF8	689311	694308	2.76155381E+00	-1.16348386E-02	2.86355735E-02	1.55293137E-03	-7.94510589E-05	1.28609539E-05
E-SF10	728285	734282	2.87968193E+00	-1.23038115E-02	3.34430250E-02	1.83471163E-03	-8.12508073E-05	1.59440837E-05
E-SF11	785257	792255	3.05654935E+00	-1.43159709E-02	3.81593027E-02	3.15675913E-03	-2.23523385E-04	2.90021069E-05
E-SF13	741278	747276	2.92006212E+00	-1.34436038E-02	3.33556844E-02	2.46092959E-03	-1.60492168E-04	2.11511846E-05
E-SF14	762266	769263	2.98384614E+00	-1.28995609E-02	3.56396640E-02	2.96907641E-03	-2.22699050E-04	2.67423649E-05
E-SF15	699301	704299	2.79031580E+00	-1.18464509E-02	3.05751341E-02	1.41030608E-03	-4.15895631E-05	1.14740935E-05
E-SF03	847238	855236	3.25492893E+00	-1.56026034E-02	4.58228209E-02	3.72736340E-03	-2.38976694E-04	3.42745142E-05
SFS3	785262	792260	3.07140213E+00	-2.16887500E-02	2.94388740E-02	5.49853168E-03	-5.38091643E-04	4.13175377E-05
E-SFS3	785263	792261	3.05701152E+00	-1.32251945E-02	3.90853018E-02	2.51480160E-03	-1.31876542E-04	2.24898958E-05
LAK7	652586	654583	2.68414559E+00	-1.28217464E-02	1.52099894E-02	5.79102080E-04	-4.19789548E-05	2.32621016E-06
LAK9	691548	694546	2.78211953E+00	3.86988792E-03	3.22993842E-02	-3.17915886E-03	4.35836848E-04	-2.06224134E-05
LAK12	678554	681552	2.78094755E+00	-2.36624998E-02	8.67653717E-03	2.94181002E-03	-3.51554137E-04	1.84406503E-05
LAK04	651562	654559	2.67680860E+00	-1.02173269E-02	1.77389501E-02	2.82247162E-05	4.32740016E-05	-2.15847266E-06
LAK09	734515	737513	2.95310231E+00	-1.96724731E-02	1.74257922E-02	1.52866545E-03	-1.37028672E-04	6.72353302E-06
LAK011	741527	744524	2.97199342E+00	-1.52435249E-02	2.02061158E-02	8.75252167E-04	-7.67180744E-05	4.84807195E-06
E-LAK8	713539	716536	2.87864541E+00	-1.42314931E-02	1.98025768E-02	4.01179570E-04	-6.68878586E-06	7.86869747E-07
E-LAK10	720502	723500	2.89528358E+00	-1.17686807E-02	2.22295765E-02	2.69351264E-04	2.23005932E-05	-4.35464340E-07
E-LAK13	694532	697530	2.81365515E+00	-1.34879998E-02	1.91920754E-02	4.14986834E-04	-7.45390097E-06	7.65453719E-07
E-LAK14	697555	700553	2.82766740E+00	-1.46359226E-02	1.83760559E-02	4.20548979E-04	-1.31827801E-05	9.74806017E-07
E-LAK18	729547	732544	2.93385862E+00	-1.50347642E-02	1.98579837E-02	5.00310675E-04	-2.05752531E-05	1.37499776E-06
E-LAK01	640601	643599	2.64816555E+00	-1.39955727E-02	1.52775593E-02	2.27366594E-04	4.86219531E-06	-2.33276501E-07
E-LAK02	670573	673571	2.74241958E+00	-1.30203862E-02	1.59689321E-02	7.09178831E-04	-6.08192466E-05	3.51166538E-06
E-LAK09	734515	737513	2.95310231E+00	-1.96724731E-02	1.74257922E-02	1.52866545E-03	-1.37028672E-04	6.72353302E-06
E-LAKH1	748523	752521	2.98243942E+00	-2.02422946E-03	2.67906679E-02	-6.32301437E-04	1.10898621E-04	-4.15841080E-06
E-LASKH2	755523	758521	3.01740929E+00	-1.50192115E-02	2.20799937E-02	4.76675587E-04	-9.36464002E-06	9.63541852E-07
LAF2	744450	748448	2.96646336E+00	-1.18474900E-02	2.65959714E-02	7.16682253E-05	6.75926947E-05	-1.70416556E-06
LAF3	717481	721479	2.83087375E+00	2.55641244E-02	5.04485886E-02	-6.70397968E-03	8.78922361E-04	-4.05245241E-05
LAF7	750352	755349	2.87163801E+00	5.58631865E-02	8.26011335E-02	-1.25713266E-02	1.71414005E-03	-7.97721681E-05
LAF9	795286	802284	3.09792113E+00	-1.11246632E-02	3.88244968E-02	1.94918388E-03	-6.84019791E-05	1.33030530E-05
LAF11	757317	763315	2.80963092E+00	1.14276691E-01	1.25106388E-01	-2.21708952E-02	2.91617555E-03	-1.35685507E-04
LAF09	697485	700482	2.82115249E+00	-1.28420041E-02	1.95742767E-02	8.51971209E-04	-3.82046776E-05	2.42425127E-06
E-LAF2	744448	748445	2.96848270E+00	-1.16032701E-02	2.44833672E-02	7.75976856E-04	-2.44342622E-05	3.01832049E-06
E-LAF7	749353	755350	2.96631279E+00	-1.09274208E-02	3.14277188E-02	7.03288732E-04	4.43317688E-05	2.65190331E-06
E-LAF9	795286	802284	3.09792113E+00	-1.11246632E-02	3.88244968E-02	1.94918388E-03	-6.84019791E-05	1.33030530E-05
E-LAF01	700481	703478	2.82762091E+00	-1.12227553E-02	2.13169098E-02	5.59325355E-04	-1.33571380E-05	1.86385587E-06
E-LAF02	720437	724434	2.88761613E+00	-1.13224055E-02	2.34620658E-02	8.79155778E-04	-3.93727241E-05	4.43531743E-06
E-LAF04	757478	761476	3.01654365E+00	-1.42462083E-02	2.51223164E-02	1.95992997E-04	4.35063641E-05	-7.85606637E-07
E-LAF05	762401	767398	3.02046444E+00	-1.21632364E-02	2.80238460E-02	8.61441681E-04	-1.40486471E-05	4.56130350E-06
E-LAF010	743493	747491	2.96201742E+00	-6.90787335E-03	2.95340678E-02	-1.39338248E-03	2.52317172E-04	-1.24543400E-05
E-LAF016	801350	806347	3.14158865E+00	-1.47653343E-02	3.34231042E-02	1.25430167E-03	-3.49277287E-05	8.75894350E-06
LASF01	786442	790439	3.10625626E+00	-1.30242032E-02	3.00056853E-02	-2.79459588E-04	1.47953845E-04	-6.92451309E-06
LASF02	800422	804420	3.15611691E+00	-1.72799726E-02	2.73336859E-02	1.19991815E-03	-6.25674387E-05	5.65571879E-06
LASF010	834373	839371	3.16245133E+00	4.62981074E-02	9.62156806E-02	-1.80710694E-02	2.85651681E-03	-1.61650610E-04
LASFH6	806333	812330	3.16745137E+00	-2.22054670E-02	2.63024838E-02	4.02885558E-03	-4.01877549E-04	2.82196681E-05
E-LASF03	806409	811407	3.19737166E+00	-3.20236260E-02	1.67812195E-02	4.29709196E-03	-4.39299261E-04	2.40669567E-05
E-LASF05	835427	839425	3.27555498E+00	-1.49587295E-02	3.10927229E-02	6.82586922E-04	9.41310743E-06	1.50458530E-06
E-LASF010	834372	839369	3.26060903E+00	-1.48581563E-02	3.40319193E-02	1.14204288E-03	-1.89155362E-05	5.34279856E-06
E-LASF013	804396	809393	3.16454973E+00	-1.46684282E-02	3.03867870E-02	1.02933823E-03	-2.54435589E-05	4.67271608E-06
E-LASF014	788474	792471	3.12215038E+00	-1.47958367E-02	2.60452483E-02	5.07811768E-04	5.71446833E-06	8.82357872E-07
E-LASF015	804466	808463	3.17656194E+00	-1.53426611E-02	2.68472584E-02	6.45031930E-04	-5.17397170E-06	1.39108120E-06
E-LASF016	772496	776494	3.07241378E+00	-1.46849804E-02	2.44285857E-02	3.98183255E-04	1.22802438E-05	1.23709929E-07
E-LASF017	795453	799450	3.14429212E+00	-1.56560059E-02	2.63644950E-02	8.79416097E-04	-3.51678468E-05	3.33709709E-06
E-LASFH2	767468	771466	3.04964021E+00	-1.43753567E-02	2.47919447E-02	6.38849518E-04	-1.05068423E-05	1.83387657E-06
