i-FPL51Y
497811
 0.22175533E+01
-0.53534373E-02
 0.85149062E-02
 0.64373415E-04
 0.53946332E-05
-0.32557791E-06

i-FSL5Y
487702
 0.21898010E+01
-0.98715424E-02
 0.81379561E-02
 0.42431698E-03
-0.43722026E-04
 0.23005833E-05

i-BSL7Y
516641
 0.22699882E+01
-0.10082346E-01
 0.11067229E-01
 0.38263836E-04
 0.17794939E-04
-0.89763718E-06

i-BAL15Y
557587
 0.23848968E+01
-0.82670343E-02
 0.14334488E-01
-0.15120387E-03
 0.49889396E-04
-0.22478564E-05

i-BAL35Y
589612
 0.24886701E+01
-0.10950380E-01
 0.13076653E-01
 0.35068993E-03
-0.18414870E-04
 0.10172368E-05

i-BSM51Y
603607
 0.25309327E+01
-0.10708102E-01
 0.14020742E-01
 0.26651254E-03
-0.65548306E-05
 0.46967459E-06

i-PBL1Y
548459
 0.23514452E+01
-0.89740266E-02
 0.15192167E-01
 0.57965089E-03
-0.27224804E-04
 0.26494084E-05

i-PBL6Y
532489
 0.23052081E+01
-0.86803635E-02
 0.14037131E-01
 0.41797303E-03
-0.14122493E-04
 0.16999869E-05

i-PBL25Y
581408
 0.24441740E+01
-0.85687681E-02
 0.19080170E-01
 0.50615714E-03
 0.37871456E-05
 0.18082995E-05

i-PBL26Y
567429
 0.24054722E+01
-0.89008369E-02
 0.16874621E-01
 0.68277273E-03
-0.30428806E-04
 0.32626762E-05

i-PBM2Y
620363
 0.25550103E+01
-0.88036051E-02
 0.22721256E-01
 0.81419370E-03
-0.15401897E-04
 0.41123385E-05

i-PBM8Y
596393
 0.24850148E+01
-0.88476275E-02
 0.20145710E-01
 0.63482013E-03
-0.80257661E-05
 0.28611612E-05

FSL 3
465659
 0.21205655E+01
-0.89437249E-02
 0.90242393E-02
 0.13786285E-03
-0.82750398E-06
 0.26740448E-07

S-APL 1
517696
 0.22762403E+01
-0.96874647E-02
 0.92330378E-02
 0.38940853E-03
-0.38018733E-04
 0.20693225E-05

BSL 1
510636
 0.22513548E+01
-0.93148277E-02
 0.10704574E-01
 0.12187894E-03
 0.10654019E-04
-0.74428165E-06

BSL 3
498650
 0.22187568E+01
-0.10447185E-01
 0.95904498E-02
 0.28540943E-03
-0.19183741E-04
 0.97004548E-06

BSL21
504668
 0.22347340E+01
-0.97856687E-02
 0.98367633E-02
 0.21398416E-03
-0.14554893E-04
 0.87393721E-06

BSL22
518650
 0.22739528E+01
-0.91160058E-02
 0.12268820E-01
-0.31677862E-03
 0.60075221E-04
-0.28098187E-05

NSL 2
516568
 0.22641230E+01
-0.84751211E-02
 0.12235009E-01
 0.19440707E-03
 0.33532117E-06
 0.38319936E-06

NSL 3
518590
 0.22696946E+01
-0.71500023E-02
 0.13370060E-01
-0.27615084E-03
 0.66054530E-04
-0.31806333E-05

NSL 5
522598
 0.22843023E+01
-0.81328625E-02
 0.12409483E-01
-0.74467655E-05
 0.28693704E-04
-0.12376162E-05

NSL 7
511605
 0.22524157E+01
-0.86261950E-02
 0.11155352E-01
 0.20721565E-03
-0.26893015E-06
 0.38724966E-07

NSL33
515547
 0.22582399E+01
-0.79875836E-02
 0.12575688E-01
 0.22130477E-03
 0.10685962E-05
 0.39764383E-06

NSL36
517524
 0.22662081E+01
-0.88952487E-02
 0.12603849E-01
 0.37585407E-03
-0.13858677E-04
 0.12833200E-05

BAL 2
571508
 0.24243116E+01
-0.85847399E-02
 0.14720452E-01
 0.55045609E-03
-0.31707382E-04
 0.24207572E-05

BAL 3
571530
 0.24261745E+01
-0.78153898E-02
 0.14766240E-01
 0.36690418E-03
-0.10526893E-04
 0.10393686E-05

BAL 5
547536
 0.23550985E+01
-0.86952235E-02
 0.13797477E-01
 0.27607581E-03
 0.96025624E-07
 0.60765812E-06

BAL 7
589512
 0.24787185E+01
-0.85856348E-02
 0.15210012E-01
 0.60440330E-03
-0.38936391E-04
 0.27124338E-05

BAL11
573578
 0.24338072E+01
-0.93210518E-02
 0.13973311E-01
 0.18047323E-03
 0.77636369E-05
-0.11848733E-06

BAL12
540595
 0.23391354E+01
-0.96450533E-02
 0.10722377E-01
 0.71851576E-03
-0.69113009E-04
 0.35434016E-05

BAL14
569563
 0.24219957E+01
-0.92001613E-02
 0.13740447E-01
 0.34858198E-03
-0.16646492E-04
 0.13137506E-05

BAL15
557587
 0.23876453E+01
-0.97564209E-02
 0.12546880E-01
 0.38108489E-03
-0.23656347E-04
 0.15068491E-05

BAL22
569632
 0.24288186E+01
-0.11600847E-01
 0.11085736E-01
 0.63122000E-03
-0.63951229E-04
 0.34400107E-05

BAL35
589612
 0.24875253E+01
-0.10228673E-01
 0.13743059E-01
 0.16625379E-03
 0.62513497E-05
-0.23420409E-06

BAL41
564607
 0.24107417E+01
-0.10237998E-01
 0.12334140E-01
 0.37823785E-03
-0.25504482E-04
 0.14563851E-05

S-BAL50
560612
 0.23982661E+01
-0.10222781E-01
 0.12110445E-01
 0.37767581E-03
-0.27339021E-04
 0.15701891E-05

S-PHM51
617628
 0.25759016E+01
-0.10553544E-01
 0.13895937E-01
 0.26498331E-03
-0.19680543E-05
 0.10989977E-06

BSM 2
607568
 0.25407840E+01
-0.92815105E-02
 0.14903206E-01
 0.37790646E-03
-0.12452946E-04
 0.70936023E-06

BSM 4
613588
 0.25596925E+01
-0.10144636E-01
 0.14261777E-01
 0.47531992E-03
-0.31287664E-04
 0.17359880E-05

BSM 6
614564
 0.25601339E+01
-0.93711990E-02
 0.15290933E-01
 0.40740566E-03
-0.21956285E-04
 0.15738984E-05

BSM 7
607594
 0.25432134E+01
-0.10206800E-01
 0.13983216E-01
 0.45963235E-03
-0.32963243E-04
 0.19413424E-05

BSM10
623571
 0.25891109E+01
-0.98791548E-02
 0.15550474E-01
 0.36642761E-03
-0.18297818E-04
 0.14601532E-05

BSM14
603607
 0.25308796E+01
-0.10455738E-01
 0.13933044E-01
 0.31725721E-03
-0.16497611E-04
 0.11211981E-05

BSM15
623582
 0.25902495E+01
-0.98868581E-02
 0.15656459E-01
 0.21175533E-03
 0.57639445E-05
-0.31345739E-07

BSM16
620603
 0.25859263E+01
-0.11435101E-01
 0.13872958E-01
 0.51696183E-03
-0.37682934E-04
 0.20584486E-05

BSM16C
620603
 0.25858505E+01
-0.11425977E-01
 0.13924703E-01
 0.50343054E-03
-0.36074659E-04
 0.19912627E-05

BSM21
617540
 0.25678687E+01
-0.86573333E-02
 0.16591375E-01
 0.28655447E-03
-0.34886754E-05
 0.89275520E-06

BSM23
615512
 0.25600597E+01
-0.97457249E-02
 0.15970594E-01
 0.66802115E-03
-0.44172822E-04
 0.31024931E-05

BSM24
618551
 0.25695800E+01
-0.86466584E-02
 0.16903144E-01
 0.76249440E-04
 0.26138532E-04
-0.74670354E-06

BSM25
658509
 0.26947480E+01
-0.95640870E-02
 0.19719188E-01
 0.13516953E-03
 0.32505531E-04
-0.87994633E-06

BSM28
618498
 0.25680878E+01
-0.10467158E-01
 0.16601965E-01
 0.58093478E-03
-0.23562088E-04
 0.22311422E-05

S-BSM36
643584
 0.26546711E+01
-0.12819365E-01
 0.15197193E-01
 0.50420821E-03
-0.34995634E-04
 0.20492682E-05

S-BSM93
641569
 0.26481267E+01
-0.11553471E-01
 0.15517531E-01
 0.53211731E-03
-0.33906870E-04
 0.20993460E-05

PBL 1
548458
 0.23489663E+01
-0.75869873E-02
 0.16684762E-01
 0.17147637E-03
 0.25194777E-04
 0.18523864E-06

PBL 2
541472
 0.23302166E+01
-0.85474969E-02
 0.14788612E-01
 0.48017066E-03
-0.19221577E-04
 0.21710005E-05

PBL 6
532489
 0.23036685E+01
-0.76028355E-02
 0.14811205E-01
 0.24182527E-03
 0.48392964E-05
 0.89395406E-06

PBL21
573426
 0.24238569E+01
-0.94940065E-02
 0.16206639E-01
 0.10105149E-02
-0.72683761E-04
 0.54198492E-05

PBL22
589411
 0.24666220E+01
-0.76071728E-02
 0.20165240E-01
 0.28279173E-03
 0.30879156E-04
 0.66471743E-06

PBL25
581408
 0.24465509E+01
-0.97768464E-02
 0.17531120E-01
 0.95250889E-03
-0.54837761E-04
 0.47303899E-05

PBL27
575415
 0.24269332E+01
-0.89789895E-02
 0.17578385E-01
 0.79125417E-03
-0.43016897E-04
 0.42474552E-05

PBM 1
626357
 0.25743849E+01
-0.10002464E-01
 0.21663820E-01
 0.13463294E-02
-0.83887231E-04
 0.78154722E-05

PBM 2
620363
 0.25569657E+01
-0.97056299E-02
 0.21342510E-01
 0.12399367E-02
-0.74499334E-04
 0.71456440E-05

PBM 4
617366
 0.25463724E+01
-0.93446264E-02
 0.21462247E-01
 0.10519890E-02
-0.48504181E-04
 0.56183745E-05

PBM 5
603380
 0.25078369E+01
-0.89471520E-02
 0.20469459E-01
 0.89114494E-03
-0.36312577E-04
 0.45477906E-05

PBM 6
636354
 0.26040004E+01
-0.89503263E-02
 0.23811801E-01
 0.97080592E-03
-0.30707494E-04
 0.54397201E-05

PBM 8
596392
 0.24842899E+01
-0.82629825E-02
 0.20412922E-01
 0.59654654E-03
-0.49991757E-05
 0.28060192E-05

PBM 9
620381
 0.25602323E+01
-0.95632018E-02
 0.21495089E-01
 0.85071191E-03
-0.33535727E-04
 0.48953255E-05

PBM22
648338
 0.26360314E+01
-0.89450876E-02
 0.25228056E-01
 0.11120943E-02
-0.37887387E-04
 0.63760973E-05

PBM25
673321
 0.27107551E+01
-0.92889162E-02
 0.27542314E-01
 0.13512557E-02
-0.54563909E-04
 0.83261074E-05

PBM27
640345
 0.26124109E+01
-0.87316589E-02
 0.24857782E-01
 0.88778616E-03
-0.92640255E-05
 0.45028723E-05

PBM28
689311
 0.27577900E+01
-0.87331797E-02
 0.30379663E-01
 0.11503031E-02
-0.19167784E-04
 0.74745415E-05

PBM28W
689311
 0.27577900E+01
-0.87331797E-02
 0.30379663E-01
 0.11503031E-02
-0.19167784E-04
 0.74745415E-05

PBM35
699301
 0.27934634E+01
-0.11916323E-01
 0.27252732E-01
 0.26477261E-02
-0.22721609E-03
 0.20411942E-04

PBM39
667331
 0.26957457E+01
-0.10264221E-01
 0.25940795E-01
 0.14263975E-02
-0.68645974E-04
 0.82048945E-05

TIM11
621359
 0.25613591E+01
-0.12007390E-01
 0.20780357E-01
 0.14256060E-02
-0.11027477E-03
 0.11477786E-04

PBH 3W
740283
 0.29157717E+01
-0.10081700E-01
 0.34098940E-01
 0.21965014E-02
-0.12386955E-03
 0.15766843E-04

PBH 4
755275
 0.29613790E+01
-0.98262329E-02
 0.36779565E-01
 0.20712902E-02
-0.93348652E-04
 0.15491439E-04

PBH 4W
755275
 0.29613790E+01
-0.98262329E-02
 0.36779565E-01
 0.20712902E-02
-0.93348652E-04
 0.15491439E-04

PBH 6
805254
 0.31206420E+01
-0.11286328E-01
 0.40543249E-01
 0.33876996E-02
-0.24180036E-03
 0.27440285E-04

PBH 6W
805254
 0.31206420E+01
-0.11286328E-01
 0.40543249E-01
 0.33876996E-02
-0.24180036E-03
 0.27440285E-04

PBH10
728285
 0.28778739E+01
-0.10244063E-01
 0.33846634E-01
 0.18336135E-02
-0.78721902E-04
 0.14142908E-04

PBH11
785257
 0.30523317E+01
-0.10699896E-01
 0.40026761E-01
 0.27411266E-02
-0.16825655E-03
 0.24539570E-04

PBH11W
785257
 0.30523317E+01
-0.10699896E-01
 0.40026761E-01
 0.27411266E-02
-0.16825655E-03
 0.24539570E-04

PBH13
741278
 0.29161406E+01
-0.10147718E-01
 0.35077729E-01
 0.20869984E-02
-0.11077712E-03
 0.17236453E-04

PBH13W
741278
 0.29161406E+01
-0.10147718E-01
 0.35077729E-01
 0.20869984E-02
-0.11077712E-03
 0.17236453E-04

PBH14
762266
 0.29836628E+01
-0.12013213E-01
 0.35225183E-01
 0.31766736E-02
-0.25323800E-03
 0.27797101E-04

PBH14W
762266
 0.29836628E+01
-0.12013213E-01
 0.35225183E-01
 0.31766736E-02
-0.25323800E-03
 0.27797101E-04

PBH21
923209
 0.34944623E+01
-0.11841444E-01
 0.58192781E-01
 0.52006403E-02
-0.36676216E-03
 0.53080361E-04

PBH23
785262
 0.30554324E+01
-0.10867434E-01
 0.38522891E-01
 0.30173971E-02
-0.21294740E-03
 0.24864803E-04

PBH23W
785262
 0.30554324E+01
-0.10867434E-01
 0.38522891E-01
 0.30173971E-02
-0.21294740E-03
 0.24864803E-04

PBH25
762271
 0.29830277E+01
-0.10435952E-01
 0.36346467E-01
 0.26194115E-02
-0.17513176E-03
 0.21325099E-04

PBH25W
762271
 0.29830277E+01
-0.10435952E-01
 0.36346467E-01
 0.26194115E-02
-0.17513176E-03
 0.21325099E-04

PBH53
847239
 0.32498918E+01
-0.10466366E-01
 0.48000686E-01
 0.31859922E-02
-0.15447369E-03
 0.26258671E-04

PBH53W
847239
 0.32498918E+01
-0.10466366E-01
 0.48000686E-01
 0.31859922E-02
-0.15447369E-03
 0.26258671E-04

PBH72
915212
 0.34684938E+01
-0.10731638E-01
 0.58252246E-01
 0.46536748E-02
-0.30343050E-03
 0.48216298E-04

TPH55
756251
 0.29569821E+01
-0.13856476E-01
 0.37265687E-01
 0.29140249E-02
-0.20079792E-03
 0.29457220E-04

TIH53
847238
 0.32534707E+01
-0.14523589E-01
 0.46505136E-01
 0.36159629E-02
-0.24194408E-03
 0.35879606E-04

BAM 4
606437
 0.25214667E+01
-0.79913078E-02
 0.18919224E-01
 0.54923502E-03
-0.11507942E-04
 0.25058269E-05

BAM 5
607492
 0.25337030E+01
-0.90417017E-02
 0.16851835E-01
 0.51005408E-03
-0.17651257E-04
 0.18665437E-05

BAM 8
624471
 0.25830520E+01
-0.98044767E-02
 0.17999796E-01
 0.62560828E-03
-0.30382771E-04
 0.30639765E-05

BAM 9
643479
 0.26446959E+01
-0.94397093E-02
 0.18905035E-01
 0.50396096E-03
-0.69325864E-05
 0.15474561E-05

BAM12
639449
 0.26285823E+01
-0.90858727E-02
 0.19551902E-01
 0.66989278E-03
-0.25101535E-04
 0.30477773E-05

BAM21
626392
 0.25794570E+01
-0.94225577E-02
 0.21195926E-01
 0.80943490E-03
-0.24922189E-04
 0.39861235E-05

BAM23
607403
 0.25222179E+01
-0.87270222E-02
 0.20177286E-01
 0.61839451E-03
 0.18063926E-06
 0.20159505E-05

BAM25
603423
 0.25134818E+01
-0.87396385E-02
 0.18681902E-01
 0.74708919E-03
-0.30475955E-04
 0.33990399E-05

BAH10
670473
 0.27304591E+01
-0.10633848E-01
 0.19427563E-01
 0.82098728E-03
-0.52104571E-04
 0.44475343E-05

BAH11
667483
 0.27175669E+01
-0.86662309E-02
 0.21162880E-01
 0.15307681E-03
 0.32273092E-04
 0.66022663E-07

BAH13
669450
 0.27229077E+01
-0.99369888E-02
 0.20923780E-01
 0.65136672E-03
-0.19388233E-04
 0.31119561E-05

BAH22
664358
 0.26928266E+01
-0.90141372E-02
 0.25058968E-01
 0.10140502E-02
-0.32164637E-04
 0.56431441E-05

BAH26
668419
 0.27137156E+01
-0.93481462E-02
 0.22190744E-01
 0.74154999E-03
-0.21872211E-04
 0.38210150E-05

BAH27
702412
 0.28231508E+01
-0.10908589E-01
 0.23748980E-01
 0.90164601E-03
-0.37131711E-04
 0.54818905E-05

BAH28
723380
 0.28917043E+01
-0.12848033E-01
 0.24505391E-01
 0.16741172E-02
-0.11761633E-03
 0.10469040E-04

BAH30
650394
 0.26543867E+01
-0.84478289E-02
 0.22275774E-01
 0.90008133E-03
-0.35291806E-04
 0.47103195E-05

S-BAH54
695422
 0.28027740E+01
-0.11441428E-01
 0.23830231E-01
 0.57322688E-03
 0.11516047E-04
 0.12065896E-05

BAH71
702401
 0.28219169E+01
-0.99182972E-02
 0.24393880E-01
 0.99651859E-03
-0.45521985E-04
 0.55512807E-05

BAH77
702412
 0.28222929E+01
-0.10636602E-01
 0.24365241E-01
 0.70591145E-03
-0.39506977E-05
 0.29865625E-05

BAH78
723380
 0.28884392E+01
-0.10882671E-01
 0.26418653E-01
 0.11678492E-02
-0.52245897E-04
 0.62881561E-05

S-LAL11
658573
 0.27037498E+01
-0.11741892E-01
 0.15899600E-01
 0.61265364E-03
-0.46676845E-04
 0.26544952E-05

S-LAL52
670573
 0.27418702E+01
-0.12719153E-01
 0.16306977E-01
 0.61414226E-03
-0.48242632E-04
 0.28875864E-05

S-LAL60
726536
 0.29223334E+01
-0.15268924E-01
 0.20070735E-01
 0.49690538E-03
-0.15326299E-04
 0.10772354E-05

LAM51
700481
 0.28306749E+01
-0.12541934E-01
 0.19281733E-01
 0.11363902E-02
-0.88384151E-04
 0.58228686E-05

LAM52
720437
 0.28880808E+01
-0.11330429E-01
 0.23061355E-01
 0.10044851E-02
-0.56302083E-04
 0.52484657E-05

S-LAH54
816444
 0.32126997E+01
-0.15351370E-01
 0.28440374E-01
 0.79180171E-03
-0.17032771E-04
 0.26219094E-05

S-LAH67
795453
 0.31439609E+01
-0.15541721E-01
 0.26648169E-01
 0.77813143E-03
-0.19462248E-04
 0.24668548E-05

LAH71
850323
 0.33034137E+01
-0.13868754E-01
 0.37625274E-01
 0.21067685E-02
-0.11821055E-03
 0.14781395E-04

S-LAH75
874353
 0.33972115E+01
-0.15825501E-01
 0.36818916E-01
 0.17596445E-02
-0.84041673E-04
 0.10522807E-04

S-YGH52
787500
 0.31224406E+01
-0.15600077E-01
 0.23832255E-01
 0.72563954E-03
-0.30563799E-04
 0.20883401E-05

SSL 2
529517
 0.23006861E+01
-0.98822575E-02
 0.13878959E-01
 0.16341277E-03
 0.14393331E-04
-0.93322118E-07

SSL 5
521526
 0.22793290E+01
-0.10732907E-01
 0.12001392E-01
 0.58141137E-03
-0.46205948E-04
 0.29557679E-05

BPM 4
613438
 0.25489492E+01
-0.12922911E-01
 0.18433588E-01
 0.67483064E-03
-0.28837579E-04
 0.30576030E-05

BPH35
645408
 0.26413378E+01
-0.12997513E-01
 0.21251890E-01
 0.74166905E-03
-0.19814508E-04
 0.30698879E-05

BPH40
677375
 0.27374770E+01
-0.13153125E-01
 0.23895273E-01
 0.11078302E-02
-0.48819180E-04
 0.54773972E-05

BPH45
719335
 0.28619065E+01
-0.12425617E-01
 0.29889170E-01
 0.10370691E-02
 0.16015692E-05
 0.44595212E-05

BPH50
740317
 0.29271459E+01
-0.11970157E-01
 0.31922538E-01
 0.15457537E-02
-0.63507309E-04
 0.96835139E-05

FTL 8
511510
 0.22498663E+01
-0.10009969E-01
 0.10686269E-01
 0.98510593E-03
-0.10138667E-03
 0.70446543E-05

FTL10
501564
 0.22223245E+01
-0.85760532E-02
 0.10967698E-01
 0.41693662E-03
-0.27463411E-04
 0.21702530E-05

FTM 8
533459
 0.23063389E+01
-0.92994340E-02
 0.14148541E-01
 0.61944948E-03
-0.35421340E-04
 0.43560988E-05

EOS