S-FPL51
497816
 0.12122555E+01
 0.57083155E-02
 0.15388494E+01
 0.73459869E-02
-0.11386737E+00
 0.28022817E+03

S-FPL52
456903
 0.10805373E+01
 0.20939221E-01
 0.13301777E+01
 0.68287845E-02
-0.29720667E-01
 0.27228152E+03

S-FPL53
439950
 0.10450599E+01
 0.81607387E-02
 0.27167405E+01
 0.62947327E-02
-0.56762072E-01
 0.63580355E+03

S-FSL 5
487702
 0.11744704E+01
 0.14005615E-01
 0.11927243E+01
 0.84185518E-02
-0.58179077E-01
 0.12959973E+03

S-BSL 7
516641
 0.11515019E+01
 0.11858361E+00
 0.12630136E+01
 0.10598413E-01
-0.11822519E-01
 0.12961766E+03

S-BSM 2
607568
 0.86716868E+00
 0.67284834E+00
 0.11845611E+01
 0.36931100E-02
 0.18165280E-01
 0.13237615E+03

S-BSM 4
613587
 0.96244308E+00
 0.59593923E+00
 0.11055835E+01
 0.46806214E-02
 0.17877208E-01
 0.11589643E+03

S-BSM10
623570
 0.94544308E+00
 0.64323738E+00
 0.11775297E+01
 0.15726380E-01
 0.16192407E-02
 0.12136175E+03

S-BSM14
603607
 0.12828627E+01
 0.24764743E+00
 0.11038400E+01
 0.12290240E-01
-0.61314236E-02
 0.10688338E+03

S-BSM15
623582
 0.95312833E+00
 0.63761398E+00
 0.16524565E+01
 0.38763899E-02
 0.18509463E-01
 0.15944237E+03

S-BSM16
620603
 0.11449038E+01
 0.43956391E+00
 0.12768808E+01
 0.13703492E-01
-0.18651420E-02
 0.11953558E+03

S-BSM18
639554
 0.11799755E+01
 0.45753489E+00
 0.12540446E+01
 0.51838473E-02
 0.23166567E-01
 0.12059326E+03

S-BSM25
658509
 0.13481426E+01
 0.34753032E+00
 0.13879837E+01
 0.69536437E-02
 0.27786348E-01
 0.14213812E+03

S-BSM28
618498
 0.14382284E+01
 0.12810002E+00
 0.13435553E+01
 0.85977975E-02
 0.40861785E-01
 0.14370989E+03

S-BSM71
649530
 0.15084788E+01
 0.15809983E+00
 0.13681537E+01
 0.81276908E-02
 0.35420090E-01
 0.13611004E+03

S-BSM81
640601
 0.15525084E+01
 0.95390890E-01
 0.12754749E+01
 0.11160765E-01
-0.20895041E-01
 0.93516163E+02

S-NSL 3
518590
 0.88251476E+00
 0.38927191E+00
 0.11069345E+01
 0.46450458E-02
 0.20055140E-01
 0.13623434E+03

S-NSL 5
522598
 0.10457458E+01
 0.23961303E+00
 0.11590685E+01
 0.58523228E-02
 0.23685875E-01
 0.13132906E+03

S-NSL36
517524
 0.10966615E+01
 0.16899007E+00
 0.12058083E+01
 0.66749112E-02
 0.33609545E-01
 0.14166874E+03

S-BAL 2
571508
 0.13092381E+01
 0.11413735E+00
 0.11788226E+01
 0.83887395E-02
 0.39943648E-01
 0.14025789E+03

S-BAL 3
571530
 0.12936689E+01
 0.13244025E+00
 0.11019729E+01
 0.80036796E-02
 0.35471120E-01
 0.13451743E+03

S-BAL11
573578
 0.82131426E+00
 0.61258648E+00
 0.12485964E+01
 0.35143613E-02
 0.17976237E-01
 0.13345667E+03

S-BAL12
540595
 0.71460526E+00
 0.62199329E+00
 0.12253768E+01
 0.30176391E-02
 0.16650545E-01
 0.14350631E+03

S-BAL14
569563
 0.12755370E+01
 0.14608339E+00
 0.11675470E+01
 0.74969236E-02
 0.31042153E-01
 0.12894709E+03

S-BAL35
589612
 0.94135727E+00
 0.54617490E+00
 0.11616892E+01
 0.14033400E-01
 0.90663568E-03
 0.11416376E+03

S-BAL41
564607
 0.12434420E+01
 0.16630110E+00
 0.11058611E+01
 0.11639671E-01
-0.89046494E-02
 0.11411122E+03

S-BAL42
583594
 0.13957062E+01
 0.71850507E-01
 0.12712927E+01
 0.11221884E-01
-0.25211742E-01
 0.13449786E+03

S-BAM 4
606437
 0.14105932E+01
 0.11120131E+00
 0.13414894E+01
 0.96331219E-02
 0.49877821E-01
 0.15223770E+03

S-BAM12
639449
 0.15016160E+01
 0.12698745E+00
 0.14354405E+01
 0.94076183E-02
 0.47260219E-01
 0.14166650E+03

S-BAH10
670473
 0.15903434E+01
 0.13846458E+00
 0.12198804E+01
 0.93273434E-02
 0.42749865E-01
 0.11925178E+03

S-BAH11
667483
 0.15713886E+01
 0.14786931E+00
 0.12809285E+01
 0.91080794E-02
 0.40240168E-01
 0.13039937E+03

S-BAH27
702412
 0.16893905E+01
 0.13308101E+00
 0.14116552E+01
 0.10359819E-01
 0.53398224E-01
 0.12651550E+03

S-BAH28
723380
 0.16949348E+01
 0.19289030E+00
 0.15638595E+01
 0.10272319E-01
 0.52118764E-01
 0.13781804E+03

S-PHM52
618634
 0.10996655E+01
 0.47812542E+00
 0.11321407E+01
 0.13271856E-01
-0.60164968E-03
 0.13059547E+03

S-PHM53
603655
 0.10977542E+01
 0.43481643E+00
 0.11389498E+01
 0.12336940E-01
-0.37252290E-03
 0.12427698E+03

S-TIL 1
548458
 0.12508894E+01
 0.99797333E-01
 0.12058350E+01
 0.88392128E-02
 0.48268505E-01
 0.13741495E+03

S-TIL 2
541472
 0.12340150E+01
 0.95979683E-01
 0.12050399E+01
 0.86950780E-02
 0.46561143E-01
 0.13795330E+03

S-TIL 6
532489
 0.11770178E+01
 0.12795803E+00
 0.13474012E+01
 0.77108769E-02
 0.41132533E-01
 0.15453169E+03

S-TIL25
581407
 0.13212253E+01
 0.12382498E+00
 0.14368525E+01
 0.95209144E-02
 0.51606266E-01
 0.14906488E+03

S-TIL27
575415
 0.13143315E+01
 0.11230017E+00
 0.14139010E+01
 0.95040448E-02
 0.52411277E-01
 0.14842997E+03

S-TIM 1
626357
 0.14496383E+01
 0.12298641E+00
 0.13806672E+01
 0.11209428E-01
 0.59626577E-01
 0.13817833E+03

S-TIM 2
620363
 0.14219385E+01
 0.13382797E+00
 0.14506057E+01
 0.10729151E-01
 0.57258755E-01
 0.14538181E+03

S-TIM 5
603380
 0.13853134E+01
 0.12237294E+00
 0.14050833E+01
 0.10407457E-01
 0.55744009E-01
 0.14487873E+03

S-TIM 8
596392
 0.13726271E+01
 0.11263628E+00
 0.13978642E+01
 0.10322007E-01
 0.55019504E-01
 0.14773561E+03

S-TIM22
648338
 0.14422229E+01
 0.19443226E+00
 0.17409248E+01
 0.10424940E-01
 0.55023526E-01
 0.16971077E+03

S-TIM25
673321
 0.15065923E+01
 0.20478614E+00
 0.19203667E+01
 0.10950156E-01
 0.57498028E-01
 0.17812853E+03

S-TIM27
640345
 0.14168047E+01
 0.19678506E+00
 0.16800132E+01
 0.10073216E-01
 0.53761691E-01
 0.16467244E+03

S-TIM28
689311
 0.15427081E+01
 0.21711389E+00
 0.18190446E+01
 0.11392500E-01
 0.57922457E-01
 0.16769719E+03

S-TIM35
699301
 0.15584977E+01
 0.23076701E+00
 0.18443610E+01
 0.11536724E-01
 0.58609595E-01
 0.16298189E+03

S-TIM39
667330
 0.14700810E+01
 0.22475275E+00
 0.24496859E+01
 0.10290043E-01
 0.54127690E-01
 0.23743494E+03

S-TIH 4
755275
 0.16675553E+01
 0.29441186E+00
 0.24942212E+01
 0.12205214E-01
 0.59777533E-01
 0.21486962E+03

S-TIH 6
805254
 0.17722761E+01
 0.34569125E+00
 0.24078850E+01
 0.13118263E-01
 0.61447962E-01
 0.20075325E+03

S-TIH10
728285
 0.16154939E+01
 0.26243324E+00
 0.20942619E+01
 0.11983090E-01
 0.59651024E-01
 0.18165755E+03

S-TIH11
785257
 0.17267747E+01
 0.32456863E+00
 0.26581681E+01
 0.12936996E-01
 0.61825524E-01
 0.22190464E+03

S-TIH13
741278
 0.16222467E+01
 0.29384459E+00
 0.19922516E+01
 0.11836839E-01
 0.59020802E-01
 0.17195998E+03

S-TIH14
762265
 0.16891511E+01
 0.29046202E+00
 0.23797152E+01
 0.12820251E-01
 0.61809084E-01
 0.20109435E+03

S-TIH18
722292
 0.15992161E+01
 0.25953216E+00
 0.21245454E+01
 0.11646930E-01
 0.58482488E-01
 0.18692778E+03

S-TIH23
785263
 0.17398649E+01
 0.31389492E+00
 0.23109321E+01
 0.12944130E-01
 0.61211687E-01
 0.19742048E+03

S-TIH53
847238
 0.18545433E+01
 0.39440941E+00
 0.31809888E+01
 0.13937664E-01
 0.62753775E-01
 0.24748482E+03

S-LAL 7
652585
 0.91612125E+00
 0.76594832E+00
 0.12774502E+01
 0.39588974E-02
 0.16754742E-01
 0.11076271E+03

S-LAL 8
713539
 0.13066329E+01
 0.57137725E+00
 0.12430360E+01
 0.61186245E-02
 0.21272147E-01
 0.90628569E+02

S-LAL 9
691548
 0.11619569E+01
 0.64486010E+00
 0.12506222E+01
 0.15965951E-01
 0.50550247E-03
 0.93828417E+02

S-LAL10
720502
 0.14073135E+01
 0.48835829E+00
 0.13930735E+01
 0.68624114E-02
 0.25082140E-01
 0.11787465E+03

S-LAL12
678553
 0.99205389E+00
 0.77137773E+00
 0.11829626E+01
 0.16709506E-01
 0.23675016E-02
 0.10590108E+03

S-LAL13
694532
 0.98007127E+00
 0.83290478E+00
 0.12811199E+01
 0.38912370E-02
 0.18916459E-01
 0.98905268E+02

S-LAL14
697555
 0.12372097E+01
 0.58972262E+00
 0.13192188E+01
 0.15355132E-01
-0.30789625E-03
 0.93720295E+02

S-LAL18
729547
 0.15027632E+01
 0.43022450E+00
 0.13472606E+01
 0.14546236E-01
-0.33278415E-02
 0.93350834E+02

S-LAL54
651562
 0.14191019E+01
 0.25841688E+00
 0.10738554E+01
 0.72664743E-02
 0.26384250E-01
 0.10255546E+03

S-LAL56
678507
 0.15405200E+01
 0.21774870E+00
 0.13045612E+01
 0.82676510E-02
 0.32853373E-01
 0.12452748E+03

S-LAL59
734515
 0.11396274E+01
 0.80522784E+00
 0.12948806E+01
 0.49329486E-02
 0.20247996E-01
 0.93474651E+02

S-LAL61
741527
 0.11107329E+01
 0.85934777E+00
 0.12670743E+01
 0.46418125E-02
 0.19298926E-01
 0.87391770E+02

S-LAM 2
744448
 0.17713000E+01
 0.19581423E+00
 0.11948783E+01
 0.97665244E-02
 0.41271863E-01
 0.11045812E+03

S-LAM 3
717479
 0.16425871E+01
 0.23963461E+00
 0.12248303E+01
 0.86824602E-02
 0.35122624E-01
 0.11660437E+03

S-LAM51
700481
 0.16384720E+01
 0.18833053E+00
 0.14750236E+01
 0.90485345E-02
 0.37274017E-01
 0.13777005E+03

S-LAM52
720437
 0.17344294E+01
 0.15155391E+00
 0.14622543E+01
 0.10069093E-01
 0.47063470E-01
 0.14008440E+03

S-LAM54
757478
 0.18421331E+01
 0.17546863E+00
 0.12575088E+01
 0.94399322E-02
 0.39528112E-01
 0.86546301E+02

S-LAM55
762401
 0.18541298E+01
 0.16545032E+00
 0.12725542E+01
 0.10843815E-01
 0.51405098E-01
 0.10998684E+03

S-LAM60
743493
 0.16067306E+01
 0.36641564E+00
 0.13176180E+01
 0.77504614E-02
 0.28996761E-01
 0.93072071E+02

S-LAM66
801350
 0.19209422E+01
 0.21990121E+00
 0.17270523E+01
 0.11507524E-01
 0.54799354E-01
 0.12013367E+03

S-LAH51
786442
 0.18258699E+01
 0.28302335E+00
 0.13596432E+01
 0.93529715E-02
 0.37380306E-01
 0.10065580E+03

S-LAH52
800422
 0.18539093E+01
 0.29792556E+00
 0.13938209E+01
 0.95532069E-02
 0.39381685E-01
 0.10270685E+03

S-LAH53
806409
 0.19181162E+01
 0.25372440E+00
 0.13947388E+01
 0.10214768E-01
 0.43317601E-01
 0.10193802E+03

S-LAH55
835427
 0.19347150E+01
 0.34056628E+00
 0.15202348E+01
 0.97103261E-02
 0.36540254E-01
 0.10382161E+03

S-LAH58
883408
 0.17876496E+01
 0.65263560E+00
 0.17991456E+01
 0.84737854E-02
 0.31312641E-01
 0.13278800E+03

S-LAH59
816466
 0.15137297E+01
 0.70246234E+00
 0.13360098E+01
 0.70524690E-02
 0.24948869E-01
 0.10008591E+03

S-LAH60
834372
 0.19524347E+01
 0.30710021E+00
 0.15657809E+01
 0.10644244E-01
 0.45673530E-01
 0.11028141E+03

S-LAH63
804396
 0.18945828E+01
 0.26870298E+00
 0.14570553E+01
 0.10227705E-01
 0.44280124E-01
 0.10487493E+03

S-LAH64
788474
 0.18302145E+01
 0.29156359E+00
 0.12854402E+01
 0.90482329E-02
 0.33075669E-01
 0.89367550E+02

S-LAH65
804466
 0.16819126E+01
 0.49377982E+00
 0.14568282E+01
 0.77668425E-02
 0.28891618E-01
 0.99257436E+02

S-LAH66
773496
 0.13928059E+01
 0.67957709E+00
 0.13870207E+01
 0.60847512E-02
 0.23392535E-01
 0.95835409E+02

S-YGH51
755523
 0.10828017E+01
 0.93398868E+00
 0.13236729E+01
 0.18115636E-01
 0.30415757E-02
 0.91035319E+02

S-FTM16
593353
 0.13294091E+01
 0.14151212E+00
 0.14429907E+01
 0.10237729E-01
 0.57808196E-01
 0.15059714E+03

S-NPH 1
808228
 0.17515662E+01
 0.36400630E+00
 0.24787414E+01
 0.13500468E-01
 0.66824515E-01
 0.17075601E+03

BSM 9
614550
 0.10950858E+01
 0.46423039E+00
 0.12030560E+01
 0.53548927E-02
 0.22067811E-01
 0.13331292E+03

BSM22
622532
 0.13509697E+01
 0.23244471E+00
 0.11789999E+01
 0.74548351E-02
 0.29494026E-01
 0.13162020E+03

BAM 3
583464
 0.12647423E+01
 0.18978401E+00
 0.11050939E+01
 0.79118810E-02
 0.38067053E-01
 0.13383163E+03

BAH32
670393
 0.14986428E+01
 0.21756782E+00
 0.15597277E+01
 0.96432549E-02
 0.45116659E-01
 0.17111214E+03

PBL26
567428
 0.12349499E+01
 0.16913614E+00
 0.10906701E+01
 0.86284751E-02
 0.42268606E-01
 0.13279691E+03

PBM 3
613370
 0.13256754E+01
 0.20811247E+00
 0.11598521E+01
 0.97301380E-02
 0.46285933E-01
 0.13755985E+03

PBH 1
717295
 0.15540814E+01
 0.28939786E+00
 0.10672794E+01
 0.12014682E-01
 0.53288321E-01
 0.12286303E+03

PBH 3
740283
 0.15947021E+01
 0.31779181E+00
 0.12921949E+01
 0.12227709E-01
 0.54497582E-01
 0.14763368E+03

PBH71
923213
 0.19703984E+01
 0.52033050E+00
 0.13069619E+01
 0.15578045E-01
 0.63264212E-01
 0.14204510E+03

LAL58
694508
 0.15341499E+01
 0.27449455E+00
 0.12105266E+01
 0.80144970E-02
 0.30237014E-01
 0.11874423E+03

LAM 7
750353
 0.17341919E+01
 0.23148959E+00
 0.15170957E+01
 0.11107547E-01
 0.51532767E-01
 0.16341343E+03

LAM58
720420
 0.17044227E+01
 0.17785684E+00
 0.14257265E+01
 0.10249395E-01
 0.45768192E-01
 0.15352672E+03

LAM59
697485
 0.16269450E+01
 0.19066811E+00
 0.12810787E+01
 0.87574973E-02
 0.37797242E-01
 0.12377835E+03

LAM61
720460
 0.17060242E+01
 0.18271603E+00
 0.12048330E+01
 0.95797714E-02
 0.40440965E-01
 0.12757099E+03

LAH78
901315
 0.20812273E+01
 0.39863241E+00
 0.22167949E+01
 0.11190641E-01
 0.52175327E-01
 0.14189317E+03

BPM51
613443
 0.13743645E+01
 0.17402560E+00
 0.90548550E+00
 0.87716562E-02
 0.40524972E-01
 0.72768534E+02

BPH 5
654397
 0.14484568E+01
 0.22044806E+00
 0.99476362E+00
 0.92817361E-02
 0.43300199E-01
 0.77647526E+02

BPH 8
720347
 0.15932302E+01
 0.27777552E+00
 0.10407053E+01
 0.10345817E-01
 0.47408927E-01
 0.81286379E+02

EOS