BK7G18
520637
2.2801838
-1.0066273E-2
1.0889844E-2
1.6359759E-4
-5.1283993E-7
2.6440349E-7

BK7G25
521632
2.2821511
-9.9898343E-3
1.0999061E-2
1.7057167E-4
-2.7296302-6
5.5132628E-7

K5G20
523568
2.2859949
-8.2774312E-3
1.2379218E-2
2.1815989E-4
3.4567831E-7
4.6160576E-7

BAK1G12
572576
2.4306736
-8.8121259E-3
1.3985706E-2
2.0190510E-4
2.9585408E-6
2.9078365E-7

SK4G13
612582
2.5566450
-9.6732500E-3
1.5196585E-2
2.2622255E-4
2.4307698E-6
3.2134814E-7

SK5G06
590611
2.4905891
-1.0462150E-2
1.3590223E-2
2.3650943E-4
-5.8743130E-6
6.5633751E-7

SK10G10
622572
2.5871867
-9.4218207E-3
1.5867270E-2
2.4227653E-4
8.6212737E-7
5.4801886E-7

SSK5G06
658510
2.6963653
-1.0158954E-2
1.8750895E-2
3.9860928E-4
-5.2190436E-6
1.6596923E-6

LAK9G15
691547
2.8061786
-1.3901815E-2
1.8566003E-2
3.8548973E-4
-8.9860095E-6
1.0563594E-6

LF5G15
584408
2.4518795
-8.3405254E-3
1.9086268E-2
5.4974761E-4
-4.9400678E-6
2.6097106E-6

F2G12
621366
2.5571851
-8.6094829E-3
2.2961475E-2
6.8491308E-4
1.5052232E-6
3.3140279E-6

SF5G10
673323
2.7115755
-8.8384603E-3
2.8453910E-2
9.9945426E-4
-3.7298299E-6
5.6039003E-6

SF6G05
809253
3.1280930
-9.3943819E-3
4.4986476E-2
2.0110179E-3
-1.5173661E-5
1.4762257E-5

SF8G07
695307
2.7757435
-8.9164932E-3
3.0721060E-2
1.2726971E-3
-2.8416184E-5
8.2951581E-6

KZFS4G20
615447
2.5552879
-1.3276166E-2
1.8675532E-2
4.7735439E-4
-2.4473466E-6
1.6276673E-6

GG375G34
525564
2.2898263
-8.4885660E-3
1.2286883E-2
3.0578705E-4
-1.5864687E-5
1.6903688E-6

EOS