
 8900 1100
 8900 1100

 8900 1100
 8900 1600

 8900 1100
 9400 1100

 2000 3500
 2442 3500
 3002 3500
 3142 3500
 3529 3500
 4012 3500
 8000 3500
 8000 3500

 2000 3500
 2442 3500
 3002 3500
 3142 3500
 3529 3500
 4012 3500
 8000 3500
 8000 3500

 2000 2564
 2223 2564
 2442 2605
 2900 2748
 3278 2773
 3584 2728
 3868 2718
 8000 3498
 8000 3498

 2000 4435
 2223 4435
 2442 4394
 2900 4251
 3278 4226
 3584 4271
 3868 4281
 8000 3501
 8000 3501

 2000 2940
 2069 2966
 2442 3091
 3001 3427
 3143 3471
 3532 3688
 3988 3824
 8000 5422
 8000 5422

 2000 2539
 2198 2614
 2442 2716
 2979 3139
 3165 3201
 3530 3370
 4012 3505
 8000 5427
 8000 5427

 2000 3479
 2442 3581
 2986 3792
 3172 3842
 3563 4108
 3894 4211
 8000 5413
 8000 5413

 2000 4059
 2069 4033
 2442 3908
 3001 3572
 3143 3528
 3532 3311
 3988 3175
 8000 1577
 8000 1577

 2000 3520
 2442 3418
 2986 3207
 3172 3157
 3563 2891
 3894 2788
 8000 1586
 8000 1586

 2000 4460
 2198 4385
 2442 4283
 2979 3860
 3165 3798
 3530 3629
 4012 3494
 8000 1572
 8000 1572
