
 2223 2563
 2221 2568
 2218 2573
 2215 2578
 2213 2584
 2210 2589
 2208 2594
 2205 2599
 2203 2604
 2200 2610
 2198 2615
 2195 2620
 2193 2625
 2190 2630
 2188 2636
 2186 2641
 2183 2646
 2181 2651
 2179 2657
 2176 2662
 2174 2667
 2172 2672
 2169 2677
 2167 2683
 2165 2688
 2163 2693
 2161 2698
 2158 2704
 2156 2709
 2154 2714
 2152 2719
 2150 2724
 2148 2730
 2146 2735
 2144 2740
 2142 2745
 2140 2751
 2137 2756
 2136 2761
 2134 2766
 2132 2771
 2130 2777
 2128 2782
 2126 2787
 2124 2792
 2122 2797
 2120 2803
 2118 2808
 2116 2813
 2115 2818
 2113 2824
 2111 2829
 2109 2834
 2107 2839
 2106 2844
 2104 2850
 2102 2855
 2101 2860
 2099 2865
 2097 2871
 2096 2876
 2094 2881
 2092 2886
 2091 2891
 2089 2897
 2087 2902
 2086 2907
 2084 2912
 2083 2918
 2081 2923
 2080 2928
 2078 2933
 2077 2938
 2075 2944
 2074 2949
 2073 2954
 2071 2959
 2070 2965
 2068 2970
 2067 2975
 2066 2980
 2064 2985
 2063 2991
 2062 2996
 2060 3001
 2059 3006
 2058 3011
 2056 3017
 2055 3022
 2054 3027
 2053 3032
 2052 3038
 2050 3043
 2049 3048
 2048 3053
 2047 3058
 2046 3064
 2045 3069
 2044 3074
 2043 3079
 2041 3085
 2040 3090
 2039 3095
 2038 3100
 2037 3105
 2036 3111
 2035 3116
 2034 3121
 2033 3126
 2032 3132
 2031 3137
 2031 3142
 2030 3147
 2029 3152
 2028 3158
 2027 3163
 2026 3168
 2025 3173
 2024 3179
 2024 3184
 2023 3189
 2022 3194
 2021 3199
 2021 3205
 2020 3210
 2019 3215
 2018 3220
 2018 3225
 2017 3231
 2016 3236
 2016 3241
 2015 3246
 2014 3252
 2014 3257
 2013 3262
 2013 3267
 2012 3272
 2011 3278
 2011 3283
 2010 3288
 2010 3293
 2009 3299
 2009 3304
 2008 3309
 2008 3314
 2007 3319
 2007 3325
 2006 3330
 2006 3335
 2006 3340
 2005 3346
 2005 3351
 2004 3356
 2004 3361
 2004 3366
 2003 3372
 2003 3377
 2003 3382
 2003 3387
 2002 3393
 2002 3398
 2002 3403
 2002 3408
 2001 3413
 2001 3419
 2001 3424
 2001 3429
 2001 3434
 2000 3439
 2000 3445
 2000 3450
 2000 3455
 2000 3460
 2000 3466
 2000 3471
 2000 3476
 2000 3481
 2000 3486
 2000 3492
 2000 3497
 2000 3502
 2000 3507
 2000 3513
 2000 3518
 2000 3523
 2000 3528
 2000 3533
 2000 3539
 2000 3544
 2000 3549
 2000 3554
 2000 3560
 2001 3565
 2001 3570
 2001 3575
 2001 3580
 2001 3586
 2002 3591
 2002 3596
 2002 3601
 2002 3606
 2003 3612
 2003 3617
 2003 3622
 2003 3627
 2004 3633
 2004 3638
 2004 3643
 2005 3648
 2005 3653
 2006 3659
 2006 3664
 2006 3669
 2007 3674
 2007 3680
 2008 3685
 2008 3690
 2009 3695
 2009 3700
 2010 3706
 2010 3711
 2011 3716
 2011 3721
 2012 3727
 2013 3732
 2013 3737
 2014 3742
 2014 3747
 2015 3753
 2016 3758
 2016 3763
 2017 3768
 2018 3774
 2018 3779
 2019 3784
 2020 3789
 2021 3794
 2021 3800
 2022 3805
 2023 3810
 2024 3815
 2024 3820
 2025 3826
 2026 3831
 2027 3836
 2028 3841
 2029 3847
 2030 3852
 2031 3857
 2031 3862
 2032 3867
 2033 3873
 2034 3878
 2035 3883
 2036 3888
 2037 3894
 2038 3899
 2039 3904
 2040 3909
 2041 3914
 2043 3920
 2044 3925
 2045 3930
 2046 3935
 2047 3941
 2048 3946
 2049 3951
 2050 3956
 2052 3961
 2053 3967
 2054 3972
 2055 3977
 2056 3982
 2058 3988
 2059 3993
 2060 3998
 2062 4003
 2063 4008
 2064 4014
 2066 4019
 2067 4024
 2068 4029
 2070 4034
 2071 4040
 2073 4045
 2074 4050
 2075 4055
 2077 4061
 2078 4066
 2080 4071
 2081 4076
 2083 4081
 2084 4087
 2086 4092
 2087 4097
 2089 4102
 2091 4108
 2092 4113
 2094 4118
 2096 4123
 2097 4128
 2099 4134
 2101 4139
 2102 4144
 2104 4149
 2106 4155
 2107 4160
 2109 4165
 2111 4170
 2113 4175
 2115 4181
 2116 4186
 2118 4191
 2120 4196
 2122 4202
 2124 4207
 2126 4212
 2128 4217
 2130 4222
 2132 4228
 2134 4233
 2136 4238
 2137 4243
 2140 4248
 2142 4254
 2144 4259
 2146 4264
 2148 4269
 2150 4275
 2152 4280
 2154 4285
 2156 4290
 2158 4295
 2161 4301
 2163 4306
 2165 4311
 2167 4316
 2169 4322
 2172 4327
 2174 4332
 2176 4337
 2179 4342
 2181 4348
 2183 4353
 2186 4358
 2188 4363
 2190 4369
 2193 4374
 2195 4379
 2198 4384
 2200 4389
 2203 4395
 2205 4400
 2208 4405
 2210 4410
 2213 4415
 2215 4421
 2218 4426
 2221 4431
 2223 4436

 2442 2563
 2442 2568
 2442 2573
 2442 2578
 2442 2584
 2442 2589
 2442 2594
 2442 2599
 2442 2604
 2442 2610
 2442 2615
 2442 2620
 2442 2625
 2442 2630
 2442 2636
 2442 2641
 2442 2646
 2442 2651
 2442 2657
 2442 2662
 2442 2667
 2442 2672
 2442 2677
 2442 2683
 2442 2688
 2442 2693
 2442 2698
 2442 2704
 2442 2709
 2442 2714
 2442 2719
 2442 2724
 2442 2730
 2442 2735
 2442 2740
 2442 2745
 2442 2751
 2442 2756
 2442 2761
 2442 2766
 2442 2771
 2442 2777
 2442 2782
 2442 2787
 2442 2792
 2442 2797
 2442 2803
 2442 2808
 2442 2813
 2442 2818
 2442 2824
 2442 2829
 2442 2834
 2442 2839
 2442 2844
 2442 2850
 2442 2855
 2442 2860
 2442 2865
 2442 2871
 2442 2876
 2442 2881
 2442 2886
 2442 2891
 2442 2897
 2442 2902
 2442 2907
 2442 2912
 2442 2918
 2442 2923
 2442 2928
 2442 2933
 2442 2938
 2442 2944
 2442 2949
 2442 2954
 2442 2959
 2442 2965
 2442 2970
 2442 2975
 2442 2980
 2442 2985
 2442 2991
 2442 2996
 2442 3001
 2442 3006
 2442 3011
 2442 3017
 2442 3022
 2442 3027
 2442 3032
 2442 3038
 2442 3043
 2442 3048
 2442 3053
 2442 3058
 2442 3064
 2442 3069
 2442 3074
 2442 3079
 2442 3085
 2442 3090
 2442 3095
 2442 3100
 2442 3105
 2442 3111
 2442 3116
 2442 3121
 2442 3126
 2442 3132
 2442 3137
 2442 3142
 2442 3147
 2442 3152
 2442 3158
 2442 3163
 2442 3168
 2442 3173
 2442 3179
 2442 3184
 2442 3189
 2442 3194
 2442 3199
 2442 3205
 2442 3210
 2442 3215
 2442 3220
 2442 3225
 2442 3231
 2442 3236
 2442 3241
 2442 3246
 2442 3252
 2442 3257
 2442 3262
 2442 3267
 2442 3272
 2442 3278
 2442 3283
 2442 3288
 2442 3293
 2442 3299
 2442 3304
 2442 3309
 2442 3314
 2442 3319
 2442 3325
 2442 3330
 2442 3335
 2442 3340
 2442 3346
 2442 3351
 2442 3356
 2442 3361
 2442 3366
 2442 3372
 2442 3377
 2442 3382
 2442 3387
 2442 3393
 2442 3398
 2442 3403
 2442 3408
 2442 3413
 2442 3419
 2442 3424
 2442 3429
 2442 3434
 2442 3439
 2442 3445
 2442 3450
 2442 3455
 2442 3460
 2442 3466
 2442 3471
 2442 3476
 2442 3481
 2442 3486
 2442 3492
 2442 3497
 2442 3502
 2442 3507
 2442 3513
 2442 3518
 2442 3523
 2442 3528
 2442 3533
 2442 3539
 2442 3544
 2442 3549
 2442 3554
 2442 3560
 2442 3565
 2442 3570
 2442 3575
 2442 3580
 2442 3586
 2442 3591
 2442 3596
 2442 3601
 2442 3606
 2442 3612
 2442 3617
 2442 3622
 2442 3627
 2442 3633
 2442 3638
 2442 3643
 2442 3648
 2442 3653
 2442 3659
 2442 3664
 2442 3669
 2442 3674
 2442 3680
 2442 3685
 2442 3690
 2442 3695
 2442 3700
 2442 3706
 2442 3711
 2442 3716
 2442 3721
 2442 3727
 2442 3732
 2442 3737
 2442 3742
 2442 3747
 2442 3753
 2442 3758
 2442 3763
 2442 3768
 2442 3774
 2442 3779
 2442 3784
 2442 3789
 2442 3794
 2442 3800
 2442 3805
 2442 3810
 2442 3815
 2442 3820
 2442 3826
 2442 3831
 2442 3836
 2442 3841
 2442 3847
 2442 3852
 2442 3857
 2442 3862
 2442 3867
 2442 3873
 2442 3878
 2442 3883
 2442 3888
 2442 3894
 2442 3899
 2442 3904
 2442 3909
 2442 3914
 2442 3920
 2442 3925
 2442 3930
 2442 3935
 2442 3941
 2442 3946
 2442 3951
 2442 3956
 2442 3961
 2442 3967
 2442 3972
 2442 3977
 2442 3982
 2442 3988
 2442 3993
 2442 3998
 2442 4003
 2442 4008
 2442 4014
 2442 4019
 2442 4024
 2442 4029
 2442 4034
 2442 4040
 2442 4045
 2442 4050
 2442 4055
 2442 4061
 2442 4066
 2442 4071
 2442 4076
 2442 4081
 2442 4087
 2442 4092
 2442 4097
 2442 4102
 2442 4108
 2442 4113
 2442 4118
 2442 4123
 2442 4128
 2442 4134
 2442 4139
 2442 4144
 2442 4149
 2442 4155
 2442 4160
 2442 4165
 2442 4170
 2442 4175
 2442 4181
 2442 4186
 2442 4191
 2442 4196
 2442 4202
 2442 4207
 2442 4212
 2442 4217
 2442 4222
 2442 4228
 2442 4233
 2442 4238
 2442 4243
 2442 4248
 2442 4254
 2442 4259
 2442 4264
 2442 4269
 2442 4275
 2442 4280
 2442 4285
 2442 4290
 2442 4295
 2442 4301
 2442 4306
 2442 4311
 2442 4316
 2442 4322
 2442 4327
 2442 4332
 2442 4337
 2442 4342
 2442 4348
 2442 4353
 2442 4358
 2442 4363
 2442 4369
 2442 4374
 2442 4379
 2442 4384
 2442 4389
 2442 4395
 2442 4400
 2442 4405
 2442 4410
 2442 4415
 2442 4421
 2442 4426
 2442 4431
 2442 4436

 2899 2745
 2900 2749
 2901 2753
 2902 2758
 2903 2762
 2905 2766
 2906 2770
 2907 2774
 2908 2779
 2909 2783
 2910 2787
 2911 2791
 2912 2795
 2913 2800
 2914 2804
 2916 2808
 2917 2812
 2918 2816
 2919 2821
 2920 2825
 2921 2829
 2922 2833
 2923 2837
 2924 2842
 2925 2846
 2926 2850
 2927 2854
 2928 2858
 2929 2863
 2930 2867
 2931 2871
 2932 2875
 2933 2879
 2934 2884
 2935 2888
 2935 2892
 2936 2896
 2937 2900
 2938 2905
 2939 2909
 2940 2913
 2941 2917
 2942 2921
 2943 2926
 2944 2930
 2944 2934
 2945 2938
 2946 2943
 2947 2947
 2948 2951
 2949 2955
 2949 2959
 2950 2964
 2951 2968
 2952 2972
 2953 2976
 2953 2980
 2954 2985
 2955 2989
 2956 2993
 2957 2997
 2957 3001
 2958 3006
 2959 3010
 2960 3014
 2960 3018
 2961 3022
 2962 3027
 2962 3031
 2963 3035
 2964 3039
 2965 3043
 2965 3048
 2966 3052
 2967 3056
 2967 3060
 2968 3064
 2969 3069
 2969 3073
 2970 3077
 2970 3081
 2971 3085
 2972 3090
 2972 3094
 2973 3098
 2974 3102
 2974 3106
 2975 3111
 2975 3115
 2976 3119
 2976 3123
 2977 3127
 2978 3132
 2978 3136
 2979 3140
 2979 3144
 2980 3148
 2980 3153
 2981 3157
 2981 3161
 2982 3165
 2982 3170
 2983 3174
 2983 3178
 2984 3182
 2984 3186
 2985 3191
 2985 3195
 2986 3199
 2986 3203
 2987 3207
 2987 3212
 2987 3216
 2988 3220
 2988 3224
 2989 3228
 2989 3233
 2989 3237
 2990 3241
 2990 3245
 2991 3249
 2991 3254
 2991 3258
 2992 3262
 2992 3266
 2992 3270
 2993 3275
 2993 3279
 2993 3283
 2994 3287
 2994 3291
 2994 3296
 2995 3300
 2995 3304
 2995 3308
 2995 3312
 2996 3317
 2996 3321
 2996 3325
 2997 3329
 2997 3333
 2997 3338
 2997 3342
 2998 3346
 2998 3350
 2998 3354
 2998 3359
 2998 3363
 2999 3367
 2999 3371
 2999 3375
 2999 3380
 2999 3384
 3000 3388
 3000 3392
 3000 3397
 3000 3401
 3000 3405
 3000 3409
 3000 3413
 3001 3418
 3001 3422
 3001 3426
 3001 3430
 3001 3434
 3001 3439
 3001 3443
 3001 3447
 3001 3451
 3001 3455
 3001 3460
 3001 3464
 3002 3468
 3002 3472
 3002 3476
 3002 3481
 3002 3485
 3002 3489
 3002 3493
 3002 3497
 3002 3502
 3002 3506
 3002 3510
 3002 3514
 3002 3518
 3002 3523
 3002 3527
 3002 3531
 3001 3535
 3001 3539
 3001 3544
 3001 3548
 3001 3552
 3001 3556
 3001 3560
 3001 3565
 3001 3569
 3001 3573
 3001 3577
 3001 3581
 3000 3586
 3000 3590
 3000 3594
 3000 3598
 3000 3602
 3000 3607
 3000 3611
 2999 3615
 2999 3619
 2999 3624
 2999 3628
 2999 3632
 2998 3636
 2998 3640
 2998 3645
 2998 3649
 2998 3653
 2997 3657
 2997 3661
 2997 3666
 2997 3670
 2996 3674
 2996 3678
 2996 3682
 2995 3687
 2995 3691
 2995 3695
 2995 3699
 2994 3703
 2994 3708
 2994 3712
 2993 3716
 2993 3720
 2993 3724
 2992 3729
 2992 3733
 2992 3737
 2991 3741
 2991 3745
 2991 3750
 2990 3754
 2990 3758
 2989 3762
 2989 3766
 2989 3771
 2988 3775
 2988 3779
 2987 3783
 2987 3787
 2987 3792
 2986 3796
 2986 3800
 2985 3804
 2985 3808
 2984 3813
 2984 3817
 2983 3821
 2983 3825
 2982 3829
 2982 3834
 2981 3838
 2981 3842
 2980 3846
 2980 3851
 2979 3855
 2979 3859
 2978 3863
 2978 3867
 2977 3872
 2976 3876
 2976 3880
 2975 3884
 2975 3888
 2974 3893
 2974 3897
 2973 3901
 2972 3905
 2972 3909
 2971 3914
 2970 3918
 2970 3922
 2969 3926
 2969 3930
 2968 3935
 2967 3939
 2967 3943
 2966 3947
 2965 3951
 2965 3956
 2964 3960
 2963 3964
 2962 3968
 2962 3972
 2961 3977
 2960 3981
 2960 3985
 2959 3989
 2958 3993
 2957 3998
 2957 4002
 2956 4006
 2955 4010
 2954 4014
 2953 4019
 2953 4023
 2952 4027
 2951 4031
 2950 4035
 2949 4040
 2949 4044
 2948 4048
 2947 4052
 2946 4056
 2945 4061
 2944 4065
 2944 4069
 2943 4073
 2942 4078
 2941 4082
 2940 4086
 2939 4090
 2938 4094
 2937 4099
 2936 4103
 2935 4107
 2935 4111
 2934 4115
 2933 4120
 2932 4124
 2931 4128
 2930 4132
 2929 4136
 2928 4141
 2927 4145
 2926 4149
 2925 4153
 2924 4157
 2923 4162
 2922 4166
 2921 4170
 2920 4174
 2919 4178
 2918 4183
 2917 4187
 2916 4191
 2914 4195
 2913 4199
 2912 4204
 2911 4208
 2910 4212
 2909 4216
 2908 4220
 2907 4225
 2906 4229
 2905 4233
 2903 4237
 2902 4241
 2901 4246
 2900 4250
 2899 4254

 3279 2770
 3278 2774
 3276 2778
 3275 2782
 3273 2787
 3271 2791
 3270 2795
 3268 2799
 3267 2803
 3265 2807
 3264 2811
 3262 2815
 3261 2819
 3260 2823
 3258 2827
 3257 2831
 3255 2835
 3254 2839
 3252 2843
 3251 2847
 3250 2852
 3248 2856
 3247 2860
 3246 2864
 3244 2868
 3243 2872
 3242 2876
 3240 2880
 3239 2884
 3238 2888
 3236 2892
 3235 2896
 3234 2900
 3232 2904
 3231 2908
 3230 2912
 3229 2917
 3228 2921
 3226 2925
 3225 2929
 3224 2933
 3223 2937
 3222 2941
 3220 2945
 3219 2949
 3218 2953
 3217 2957
 3216 2961
 3215 2965
 3214 2969
 3212 2973
 3211 2977
 3210 2982
 3209 2986
 3208 2990
 3207 2994
 3206 2998
 3205 3002
 3204 3006
 3203 3010
 3202 3014
 3201 3018
 3200 3022
 3199 3026
 3198 3030
 3197 3034
 3196 3038
 3195 3042
 3194 3047
 3193 3051
 3192 3055
 3191 3059
 3190 3063
 3190 3067
 3189 3071
 3188 3075
 3187 3079
 3186 3083
 3185 3087
 3184 3091
 3183 3095
 3183 3099
 3182 3103
 3181 3107
 3180 3112
 3179 3116
 3179 3120
 3178 3124
 3177 3128
 3176 3132
 3176 3136
 3175 3140
 3174 3144
 3173 3148
 3173 3152
 3172 3156
 3171 3160
 3171 3164
 3170 3168
 3169 3172
 3169 3177
 3168 3181
 3167 3185
 3167 3189
 3166 3193
 3165 3197
 3165 3201
 3164 3205
 3164 3209
 3163 3213
 3162 3217
 3162 3221
 3161 3225
 3161 3229
 3160 3233
 3160 3237
 3159 3242
 3159 3246
 3158 3250
 3158 3254
 3157 3258
 3157 3262
 3156 3266
 3156 3270
 3155 3274
 3155 3278
 3154 3282
 3154 3286
 3153 3290
 3153 3294
 3153 3298
 3152 3302
 3152 3307
 3151 3311
 3151 3315
 3151 3319
 3150 3323
 3150 3327
 3150 3331
 3149 3335
 3149 3339
 3149 3343
 3148 3347
 3148 3351
 3148 3355
 3147 3359
 3147 3363
 3147 3367
 3147 3372
 3146 3376
 3146 3380
 3146 3384
 3146 3388
 3145 3392
 3145 3396
 3145 3400
 3145 3404
 3145 3408
 3144 3412
 3144 3416
 3144 3420
 3144 3424
 3144 3428
 3144 3432
 3143 3437
 3143 3441
 3143 3445
 3143 3449
 3143 3453
 3143 3457
 3143 3461
 3143 3465
 3143 3469
 3143 3473
 3143 3477
 3143 3481
 3143 3485
 3143 3489
 3142 3493
 3142 3497
 3142 3502
 3142 3506
 3143 3510
 3143 3514
 3143 3518
 3143 3522
 3143 3526
 3143 3530
 3143 3534
 3143 3538
 3143 3542
 3143 3546
 3143 3550
 3143 3554
 3143 3558
 3143 3562
 3144 3567
 3144 3571
 3144 3575
 3144 3579
 3144 3583
 3144 3587
 3145 3591
 3145 3595
 3145 3599
 3145 3603
 3145 3607
 3146 3611
 3146 3615
 3146 3619
 3146 3623
 3147 3627
 3147 3632
 3147 3636
 3147 3640
 3148 3644
 3148 3648
 3148 3652
 3149 3656
 3149 3660
 3149 3664
 3150 3668
 3150 3672
 3150 3676
 3151 3680
 3151 3684
 3151 3688
 3152 3692
 3152 3697
 3153 3701
 3153 3705
 3153 3709
 3154 3713
 3154 3717
 3155 3721
 3155 3725
 3156 3729
 3156 3733
 3157 3737
 3157 3741
 3158 3745
 3158 3749
 3159 3753
 3159 3757
 3160 3762
 3160 3766
 3161 3770
 3161 3774
 3162 3778
 3162 3782
 3163 3786
 3164 3790
 3164 3794
 3165 3798
 3165 3802
 3166 3806
 3167 3810
 3167 3814
 3168 3818
 3169 3822
 3169 3827
 3170 3831
 3171 3835
 3171 3839
 3172 3843
 3173 3847
 3173 3851
 3174 3855
 3175 3859
 3176 3863
 3176 3867
 3177 3871
 3178 3875
 3179 3879
 3179 3883
 3180 3887
 3181 3892
 3182 3896
 3183 3900
 3183 3904
 3184 3908
 3185 3912
 3186 3916
 3187 3920
 3188 3924
 3189 3928
 3190 3932
 3190 3936
 3191 3940
 3192 3944
 3193 3948
 3194 3952
 3195 3957
 3196 3961
 3197 3965
 3198 3969
 3199 3973
 3200 3977
 3201 3981
 3202 3985
 3203 3989
 3204 3993
 3205 3997
 3206 4001
 3207 4005
 3208 4009
 3209 4013
 3210 4017
 3211 4022
 3212 4026
 3214 4030
 3215 4034
 3216 4038
 3217 4042
 3218 4046
 3219 4050
 3220 4054
 3222 4058
 3223 4062
 3224 4066
 3225 4070
 3226 4074
 3228 4078
 3229 4082
 3230 4087
 3231 4091
 3232 4095
 3234 4099
 3235 4103
 3236 4107
 3238 4111
 3239 4115
 3240 4119
 3242 4123
 3243 4127
 3244 4131
 3246 4135
 3247 4139
 3248 4143
 3250 4147
 3251 4152
 3252 4156
 3254 4160
 3255 4164
 3257 4168
 3258 4172
 3260 4176
 3261 4180
 3262 4184
 3264 4188
 3265 4192
 3267 4196
 3268 4200
 3270 4204
 3271 4208
 3273 4212
 3275 4217
 3276 4221
 3278 4225
 3279 4229

 3193 2785
 3193 2789
 3193 2793
 3193 2797
 3193 2801
 3193 2805
 3193 2809
 3193 2813
 3193 2817
 3193 2821
 3193 2825
 3193 2829
 3193 2833
 3193 2837
 3193 2841
 3193 2845
 3193 2849
 3193 2853
 3193 2857
 3193 2861
 3193 2865
 3193 2869
 3193 2873
 3193 2877
 3193 2881
 3193 2885
 3193 2889
 3193 2893
 3193 2897
 3193 2901
 3193 2905
 3193 2909
 3193 2913
 3193 2917
 3193 2921
 3193 2925
 3193 2929
 3193 2933
 3193 2937
 3193 2941
 3193 2945
 3193 2949
 3193 2953
 3193 2957
 3193 2960
 3193 2964
 3193 2968
 3193 2972
 3193 2976
 3193 2980
 3193 2984
 3193 2988
 3193 2992
 3193 2996
 3193 3000
 3193 3004
 3193 3008
 3193 3012
 3193 3016
 3193 3020
 3193 3024
 3193 3028
 3193 3032
 3193 3036
 3193 3040
 3193 3044
 3193 3048
 3193 3052
 3193 3056
 3193 3060
 3193 3064
 3193 3068
 3193 3072
 3193 3076
 3193 3080
 3193 3084
 3193 3088
 3193 3092
 3193 3096
 3193 3100
 3193 3104
 3193 3108
 3193 3112
 3193 3116
 3193 3120
 3193 3124
 3193 3128
 3193 3132
 3193 3136
 3193 3139
 3193 3143
 3193 3147
 3193 3151
 3193 3155
 3193 3159
 3193 3163
 3193 3167
 3193 3171
 3193 3175
 3193 3179
 3193 3183
 3193 3187
 3193 3191
 3193 3195
 3193 3199
 3193 3203
 3193 3207
 3193 3211
 3193 3215
 3193 3219
 3193 3223
 3193 3227
 3193 3231
 3193 3235
 3193 3239
 3193 3243
 3193 3247
 3193 3251
 3193 3255
 3193 3259
 3193 3263
 3193 3267
 3193 3271
 3193 3275
 3193 3279
 3193 3283
 3193 3287
 3193 3291
 3193 3295
 3193 3299
 3193 3303
 3193 3307
 3193 3311
 3193 3315
 3193 3319
 3193 3322
 3193 3326
 3193 3330
 3193 3334
 3193 3338
 3193 3342
 3193 3346
 3193 3350
 3193 3354
 3193 3358
 3193 3362
 3193 3366
 3193 3370
 3193 3374
 3193 3378
 3193 3382
 3193 3386
 3193 3390
 3193 3394
 3193 3398
 3193 3402
 3193 3406
 3193 3410
 3193 3414
 3193 3418
 3193 3422
 3193 3426
 3193 3430
 3193 3434
 3193 3438
 3193 3442
 3193 3446
 3193 3450
 3193 3454
 3193 3458
 3193 3462
 3193 3466
 3193 3470
 3193 3474
 3193 3478
 3193 3482
 3193 3486
 3193 3490
 3193 3494
 3193 3498
 3193 3501
 3193 3505
 3193 3509
 3193 3513
 3193 3517
 3193 3521
 3193 3525
 3193 3529
 3193 3533
 3193 3537
 3193 3541
 3193 3545
 3193 3549
 3193 3553
 3193 3557
 3193 3561
 3193 3565
 3193 3569
 3193 3573
 3193 3577
 3193 3581
 3193 3585
 3193 3589
 3193 3593
 3193 3597
 3193 3601
 3193 3605
 3193 3609
 3193 3613
 3193 3617
 3193 3621
 3193 3625
 3193 3629
 3193 3633
 3193 3637
 3193 3641
 3193 3645
 3193 3649
 3193 3653
 3193 3657
 3193 3661
 3193 3665
 3193 3669
 3193 3673
 3193 3677
 3193 3680
 3193 3684
 3193 3688
 3193 3692
 3193 3696
 3193 3700
 3193 3704
 3193 3708
 3193 3712
 3193 3716
 3193 3720
 3193 3724
 3193 3728
 3193 3732
 3193 3736
 3193 3740
 3193 3744
 3193 3748
 3193 3752
 3193 3756
 3193 3760
 3193 3764
 3193 3768
 3193 3772
 3193 3776
 3193 3780
 3193 3784
 3193 3788
 3193 3792
 3193 3796
 3193 3800
 3193 3804
 3193 3808
 3193 3812
 3193 3816
 3193 3820
 3193 3824
 3193 3828
 3193 3832
 3193 3836
 3193 3840
 3193 3844
 3193 3848
 3193 3852
 3193 3856
 3193 3860
 3193 3863
 3193 3867
 3193 3871
 3193 3875
 3193 3879
 3193 3883
 3193 3887
 3193 3891
 3193 3895
 3193 3899
 3193 3903
 3193 3907
 3193 3911
 3193 3915
 3193 3919
 3193 3923
 3193 3927
 3193 3931
 3193 3935
 3193 3939
 3193 3943
 3193 3947
 3193 3951
 3193 3955
 3193 3959
 3193 3963
 3193 3967
 3193 3971
 3193 3975
 3193 3979
 3193 3983
 3193 3987
 3193 3991
 3193 3995
 3193 3999
 3193 4003
 3193 4007
 3193 4011
 3193 4015
 3193 4019
 3193 4023
 3193 4027
 3193 4031
 3193 4035
 3193 4039
 3193 4042
 3193 4046
 3193 4050
 3193 4054
 3193 4058
 3193 4062
 3193 4066
 3193 4070
 3193 4074
 3193 4078
 3193 4082
 3193 4086
 3193 4090
 3193 4094
 3193 4098
 3193 4102
 3193 4106
 3193 4110
 3193 4114
 3193 4118
 3193 4122
 3193 4126
 3193 4130
 3193 4134
 3193 4138
 3193 4142
 3193 4146
 3193 4150
 3193 4154
 3193 4158
 3193 4162
 3193 4166
 3193 4170
 3193 4174
 3193 4178
 3193 4182
 3193 4186
 3193 4190
 3193 4194
 3193 4198
 3193 4202
 3193 4206
 3193 4210
 3193 4214

 3586 2715
 3585 2719
 3584 2723
 3584 2728
 3583 2732
 3583 2736
 3582 2741
 3581 2745
 3581 2750
 3580 2754
 3580 2758
 3579 2763
 3578 2767
 3578 2771
 3577 2776
 3577 2780
 3576 2785
 3575 2789
 3575 2793
 3574 2798
 3574 2802
 3573 2806
 3573 2811
 3572 2815
 3571 2820
 3571 2824
 3570 2828
 3570 2833
 3569 2837
 3569 2841
 3568 2846
 3568 2850
 3567 2854
 3567 2859
 3566 2863
 3566 2868
 3565 2872
 3565 2876
 3564 2881
 3564 2885
 3563 2889
 3563 2894
 3562 2898
 3562 2903
 3561 2907
 3561 2911
 3560 2916
 3560 2920
 3559 2924
 3559 2929
 3558 2933
 3558 2938
 3557 2942
 3557 2946
 3557 2951
 3556 2955
 3556 2959
 3555 2964
 3555 2968
 3554 2973
 3554 2977
 3554 2981
 3553 2986
 3553 2990
 3552 2994
 3552 2999
 3552 3003
 3551 3008
 3551 3012
 3550 3016
 3550 3021
 3550 3025
 3549 3029
 3549 3034
 3548 3038
 3548 3043
 3548 3047
 3547 3051
 3547 3056
 3547 3060
 3546 3064
 3546 3069
 3546 3073
 3545 3078
 3545 3082
 3545 3086
 3544 3091
 3544 3095
 3544 3099
 3543 3104
 3543 3108
 3543 3112
 3542 3117
 3542 3121
 3542 3126
 3541 3130
 3541 3134
 3541 3139
 3541 3143
 3540 3147
 3540 3152
 3540 3156
 3539 3161
 3539 3165
 3539 3169
 3539 3174
 3538 3178
 3538 3182
 3538 3187
 3538 3191
 3537 3196
 3537 3200
 3537 3204
 3537 3209
 3536 3213
 3536 3217
 3536 3222
 3536 3226
 3536 3231
 3535 3235
 3535 3239
 3535 3244
 3535 3248
 3534 3252
 3534 3257
 3534 3261
 3534 3266
 3534 3270
 3534 3274
 3533 3279
 3533 3283
 3533 3287
 3533 3292
 3533 3296
 3533 3301
 3532 3305
 3532 3309
 3532 3314
 3532 3318
 3532 3322
 3532 3327
 3531 3331
 3531 3336
 3531 3340
 3531 3344
 3531 3349
 3531 3353
 3531 3357
 3531 3362
 3531 3366
 3530 3370
 3530 3375
 3530 3379
 3530 3384
 3530 3388
 3530 3392
 3530 3397
 3530 3401
 3530 3405
 3530 3410
 3530 3414
 3529 3419
 3529 3423
 3529 3427
 3529 3432
 3529 3436
 3529 3440
 3529 3445
 3529 3449
 3529 3454
 3529 3458
 3529 3462
 3529 3467
 3529 3471
 3529 3475
 3529 3480
 3529 3484
 3529 3489
 3529 3493
 3529 3497
 3529 3502
 3529 3506
 3529 3510
 3529 3515
 3529 3519
 3529 3524
 3529 3528
 3529 3532
 3529 3537
 3529 3541
 3529 3545
 3529 3550
 3529 3554
 3529 3559
 3529 3563
 3529 3567
 3529 3572
 3529 3576
 3529 3580
 3530 3585
 3530 3589
 3530 3594
 3530 3598
 3530 3602
 3530 3607
 3530 3611
 3530 3615
 3530 3620
 3530 3624
 3530 3629
 3531 3633
 3531 3637
 3531 3642
 3531 3646
 3531 3650
 3531 3655
 3531 3659
 3531 3663
 3531 3668
 3532 3672
 3532 3677
 3532 3681
 3532 3685
 3532 3690
 3532 3694
 3533 3698
 3533 3703
 3533 3707
 3533 3712
 3533 3716
 3533 3720
 3534 3725
 3534 3729
 3534 3733
 3534 3738
 3534 3742
 3534 3747
 3535 3751
 3535 3755
 3535 3760
 3535 3764
 3536 3768
 3536 3773
 3536 3777
 3536 3782
 3536 3786
 3537 3790
 3537 3795
 3537 3799
 3537 3803
 3538 3808
 3538 3812
 3538 3817
 3538 3821
 3539 3825
 3539 3830
 3539 3834
 3539 3838
 3540 3843
 3540 3847
 3540 3852
 3541 3856
 3541 3860
 3541 3865
 3541 3869
 3542 3873
 3542 3878
 3542 3882
 3543 3887
 3543 3891
 3543 3895
 3544 3900
 3544 3904
 3544 3908
 3545 3913
 3545 3917
 3545 3921
 3546 3926
 3546 3930
 3546 3935
 3547 3939
 3547 3943
 3547 3948
 3548 3952
 3548 3956
 3548 3961
 3549 3965
 3549 3970
 3550 3974
 3550 3978
 3550 3983
 3551 3987
 3551 3991
 3552 3996
 3552 4000
 3552 4005
 3553 4009
 3553 4013
 3554 4018
 3554 4022
 3554 4026
 3555 4031
 3555 4035
 3556 4040
 3556 4044
 3557 4048
 3557 4053
 3557 4057
 3558 4061
 3558 4066
 3559 4070
 3559 4075
 3560 4079
 3560 4083
 3561 4088
 3561 4092
 3562 4096
 3562 4101
 3563 4105
 3563 4110
 3564 4114
 3564 4118
 3565 4123
 3565 4127
 3566 4131
 3566 4136
 3567 4140
 3567 4145
 3568 4149
 3568 4153
 3569 4158
 3569 4162
 3570 4166
 3570 4171
 3571 4175
 3571 4179
 3572 4184
 3573 4188
 3573 4193
 3574 4197
 3574 4201
 3575 4206
 3575 4210
 3576 4214
 3577 4219
 3577 4223
 3578 4228
 3578 4232
 3579 4236
 3580 4241
 3580 4245
 3581 4249
 3581 4254
 3582 4258
 3583 4263
 3583 4267
 3584 4271
 3584 4276
 3585 4280
 3586 4284

 3867 2715
 3868 2719
 3870 2723
 3872 2728
 3873 2732
 3875 2736
 3877 2741
 3878 2745
 3880 2750
 3881 2754
 3883 2758
 3885 2763
 3886 2767
 3888 2771
 3889 2776
 3891 2780
 3892 2785
 3894 2789
 3895 2793
 3897 2798
 3898 2802
 3900 2806
 3901 2811
 3903 2815
 3904 2820
 3905 2824
 3907 2828
 3908 2833
 3910 2837
 3911 2841
 3912 2846
 3914 2850
 3915 2854
 3916 2859
 3918 2863
 3919 2868
 3920 2872
 3922 2876
 3923 2881
 3924 2885
 3926 2889
 3927 2894
 3928 2898
 3929 2903
 3930 2907
 3932 2911
 3933 2916
 3934 2920
 3935 2924
 3937 2929
 3938 2933
 3939 2938
 3940 2942
 3941 2946
 3942 2951
 3943 2955
 3945 2959
 3946 2964
 3947 2968
 3948 2973
 3949 2977
 3950 2981
 3951 2986
 3952 2990
 3953 2994
 3954 2999
 3955 3003
 3956 3008
 3957 3012
 3958 3016
 3959 3021
 3960 3025
 3961 3029
 3962 3034
 3963 3038
 3964 3043
 3965 3047
 3966 3051
 3967 3056
 3968 3060
 3968 3064
 3969 3069
 3970 3073
 3971 3078
 3972 3082
 3973 3086
 3974 3091
 3974 3095
 3975 3099
 3976 3104
 3977 3108
 3978 3112
 3978 3117
 3979 3121
 3980 3126
 3981 3130
 3981 3134
 3982 3139
 3983 3143
 3984 3147
 3984 3152
 3985 3156
 3986 3161
 3986 3165
 3987 3169
 3988 3174
 3988 3178
 3989 3182
 3990 3187
 3990 3191
 3991 3196
 3991 3200
 3992 3204
 3993 3209
 3993 3213
 3994 3217
 3994 3222
 3995 3226
 3995 3231
 3996 3235
 3997 3239
 3997 3244
 3998 3248
 3998 3252
 3999 3257
 3999 3261
 4000 3266
 4000 3270
 4000 3274
 4001 3279
 4001 3283
 4002 3287
 4002 3292
 4003 3296
 4003 3301
 4003 3305
 4004 3309
 4004 3314
 4004 3318
 4005 3322
 4005 3327
 4006 3331
 4006 3336
 4006 3340
 4007 3344
 4007 3349
 4007 3353
 4007 3357
 4008 3362
 4008 3366
 4008 3370
 4008 3375
 4009 3379
 4009 3384
 4009 3388
 4009 3392
 4010 3397
 4010 3401
 4010 3405
 4010 3410
 4010 3414
 4011 3419
 4011 3423
 4011 3427
 4011 3432
 4011 3436
 4011 3440
 4011 3445
 4011 3449
 4012 3454
 4012 3458
 4012 3462
 4012 3467
 4012 3471
 4012 3475
 4012 3480
 4012 3484
 4012 3489
 4012 3493
 4012 3497
 4012 3502
 4012 3506
 4012 3510
 4012 3515
 4012 3519
 4012 3524
 4012 3528
 4012 3532
 4012 3537
 4012 3541
 4012 3545
 4011 3550
 4011 3554
 4011 3559
 4011 3563
 4011 3567
 4011 3572
 4011 3576
 4011 3580
 4010 3585
 4010 3589
 4010 3594
 4010 3598
 4010 3602
 4009 3607
 4009 3611
 4009 3615
 4009 3620
 4008 3624
 4008 3629
 4008 3633
 4008 3637
 4007 3642
 4007 3646
 4007 3650
 4007 3655
 4006 3659
 4006 3663
 4006 3668
 4005 3672
 4005 3677
 4004 3681
 4004 3685
 4004 3690
 4003 3694
 4003 3698
 4003 3703
 4002 3707
 4002 3712
 4001 3716
 4001 3720
 4000 3725
 4000 3729
 4000 3733
 3999 3738
 3999 3742
 3998 3747
 3998 3751
 3997 3755
 3997 3760
 3996 3764
 3995 3768
 3995 3773
 3994 3777
 3994 3782
 3993 3786
 3993 3790
 3992 3795
 3991 3799
 3991 3803
 3990 3808
 3990 3812
 3989 3817
 3988 3821
 3988 3825
 3987 3830
 3986 3834
 3986 3838
 3985 3843
 3984 3847
 3984 3852
 3983 3856
 3982 3860
 3981 3865
 3981 3869
 3980 3873
 3979 3878
 3978 3882
 3978 3887
 3977 3891
 3976 3895
 3975 3900
 3974 3904
 3974 3908
 3973 3913
 3972 3917
 3971 3921
 3970 3926
 3969 3930
 3968 3935
 3968 3939
 3967 3943
 3966 3948
 3965 3952
 3964 3956
 3963 3961
 3962 3965
 3961 3970
 3960 3974
 3959 3978
 3958 3983
 3957 3987
 3956 3991
 3955 3996
 3954 4000
 3953 4005
 3952 4009
 3951 4013
 3950 4018
 3949 4022
 3948 4026
 3947 4031
 3946 4035
 3945 4040
 3943 4044
 3942 4048
 3941 4053
 3940 4057
 3939 4061
 3938 4066
 3937 4070
 3935 4075
 3934 4079
 3933 4083
 3932 4088
 3930 4092
 3929 4096
 3928 4101
 3927 4105
 3926 4110
 3924 4114
 3923 4118
 3922 4123
 3920 4127
 3919 4131
 3918 4136
 3916 4140
 3915 4145
 3914 4149
 3912 4153
 3911 4158
 3910 4162
 3908 4166
 3907 4171
 3905 4175
 3904 4179
 3903 4184
 3901 4188
 3900 4193
 3898 4197
 3897 4201
 3895 4206
 3894 4210
 3892 4214
 3891 4219
 3889 4223
 3888 4228
 3886 4232
 3885 4236
 3883 4241
 3881 4245
 3880 4249
 3878 4254
 3877 4258
 3875 4263
 3873 4267
 3872 4271
 3870 4276
 3868 4280
 3867 4284

 8000 1586
 8000 1597
 8000 1608
 8000 1618
 8000 1629
 8000 1640
 8000 1650
 8000 1661
 8000 1672
 8000 1682
 8000 1693
 8000 1704
 8000 1714
 8000 1725
 8000 1736
 8000 1746
 8000 1757
 8000 1767
 8000 1778
 8000 1789
 8000 1799
 8000 1810
 8000 1821
 8000 1831
 8000 1842
 8000 1853
 8000 1863
 8000 1874
 8000 1885
 8000 1895
 8000 1906
 8000 1917
 8000 1927
 8000 1938
 8000 1949
 8000 1959
 8000 1970
 8000 1981
 8000 1991
 8000 2002
 8000 2013
 8000 2023
 8000 2034
 8000 2045
 8000 2055
 8000 2066
 8000 2077
 8000 2087
 8000 2098
 8000 2109
 8000 2119
 8000 2130
 8000 2141
 8000 2151
 8000 2162
 8000 2173
 8000 2183
 8000 2194
 8000 2204
 8000 2215
 8000 2226
 8000 2236
 8000 2247
 8000 2258
 8000 2268
 8000 2279
 8000 2290
 8000 2300
 8000 2311
 8000 2322
 8000 2332
 8000 2343
 8000 2354
 8000 2364
 8000 2375
 8000 2386
 8000 2396
 8000 2407
 8000 2418
 8000 2428
 8000 2439
 8000 2450
 8000 2460
 8000 2471
 8000 2482
 8000 2492
 8000 2503
 8000 2514
 8000 2524
 8000 2535
 8000 2546
 8000 2556
 8000 2567
 8000 2578
 8000 2588
 8000 2599
 8000 2610
 8000 2620
 8000 2631
 8000 2641
 8000 2652
 8000 2663
 8000 2673
 8000 2684
 8000 2695
 8000 2705
 8000 2716
 8000 2727
 8000 2737
 8000 2748
 8000 2759
 8000 2769
 8000 2780
 8000 2791
 8000 2801
 8000 2812
 8000 2823
 8000 2833
 8000 2844
 8000 2855
 8000 2865
 8000 2876
 8000 2887
 8000 2897
 8000 2908
 8000 2919
 8000 2929
 8000 2940
 8000 2951
 8000 2961
 8000 2972
 8000 2983
 8000 2993
 8000 3004
 8000 3015
 8000 3025
 8000 3036
 8000 3047
 8000 3057
 8000 3068
 8000 3078
 8000 3089
 8000 3100
 8000 3110
 8000 3121
 8000 3132
 8000 3142
 8000 3153
 8000 3164
 8000 3174
 8000 3185
 8000 3196
 8000 3206
 8000 3217
 8000 3228
 8000 3238
 8000 3249
 8000 3260
 8000 3270
 8000 3281
 8000 3292
 8000 3302
 8000 3313
 8000 3324
 8000 3334
 8000 3345
 8000 3356
 8000 3366
 8000 3377
 8000 3388
 8000 3398
 8000 3409
 8000 3420
 8000 3430
 8000 3441
 8000 3452
 8000 3462
 8000 3473
 8000 3484
 8000 3494
 8000 3505
 8000 3515
 8000 3526
 8000 3537
 8000 3547
 8000 3558
 8000 3569
 8000 3579
 8000 3590
 8000 3601
 8000 3611
 8000 3622
 8000 3633
 8000 3643
 8000 3654
 8000 3665
 8000 3675
 8000 3686
 8000 3697
 8000 3707
 8000 3718
 8000 3729
 8000 3739
 8000 3750
 8000 3761
 8000 3771
 8000 3782
 8000 3793
 8000 3803
 8000 3814
 8000 3825
 8000 3835
 8000 3846
 8000 3857
 8000 3867
 8000 3878
 8000 3889
 8000 3899
 8000 3910
 8000 3921
 8000 3931
 8000 3942
 8000 3952
 8000 3963
 8000 3974
 8000 3984
 8000 3995
 8000 4006
 8000 4016
 8000 4027
 8000 4038
 8000 4048
 8000 4059
 8000 4070
 8000 4080
 8000 4091
 8000 4102
 8000 4112
 8000 4123
 8000 4134
 8000 4144
 8000 4155
 8000 4166
 8000 4176
 8000 4187
 8000 4198
 8000 4208
 8000 4219
 8000 4230
 8000 4240
 8000 4251
 8000 4262
 8000 4272
 8000 4283
 8000 4294
 8000 4304
 8000 4315
 8000 4326
 8000 4336
 8000 4347
 8000 4358
 8000 4368
 8000 4379
 8000 4389
 8000 4400
 8000 4411
 8000 4421
 8000 4432
 8000 4443
 8000 4453
 8000 4464
 8000 4475
 8000 4485
 8000 4496
 8000 4507
 8000 4517
 8000 4528
 8000 4539
 8000 4549
 8000 4560
 8000 4571
 8000 4581
 8000 4592
 8000 4603
 8000 4613
 8000 4624
 8000 4635
 8000 4645
 8000 4656
 8000 4667
 8000 4677
 8000 4688
 8000 4699
 8000 4709
 8000 4720
 8000 4731
 8000 4741
 8000 4752
 8000 4763
 8000 4773
 8000 4784
 8000 4795
 8000 4805
 8000 4816
 8000 4826
 8000 4837
 8000 4848
 8000 4858
 8000 4869
 8000 4880
 8000 4890
 8000 4901
 8000 4912
 8000 4922
 8000 4933
 8000 4944
 8000 4954
 8000 4965
 8000 4976
 8000 4986
 8000 4997
 8000 5008
 8000 5018
 8000 5029
 8000 5040
 8000 5050
 8000 5061
 8000 5072
 8000 5082
 8000 5093
 8000 5104
 8000 5114
 8000 5125
 8000 5136
 8000 5146
 8000 5157
 8000 5168
 8000 5178
 8000 5189
 8000 5200
 8000 5210
 8000 5221
 8000 5232
 8000 5242
 8000 5253
 8000 5263
 8000 5274
 8000 5285
 8000 5295
 8000 5306
 8000 5317
 8000 5327
 8000 5338
 8000 5349
 8000 5359
 8000 5370
 8000 5381
 8000 5391
 8000 5402
 8000 5413

 2000 2050

 2223 2563
 2442 2563

 2899 2745
 3279 2770

 3193 2785

 3586 2715
 3867 2715

 8000 1586

 8000 1586

 2000 4949

 2223 4436
 2442 4436

 2899 4254
 3279 4229

 3193 4214

 3586 4284
 3867 4284

 8000 5413

 8000 5413

 2000 3500

 2000 3500

 2442 3500

 3002 3500

 3142 3500

 3193 3500

 3529 3500

 4012 3500

 8000 3500

 8000 3500

 2000 3500

 2000 3500

 2442 3500

 3002 3500

 3142 3500

 3193 3500

 3529 3500

 4012 3500

 8000 3500

 8000 3500

 2223 2563
 2221 2568
 2218 2573
 2215 2578
 2213 2584
 2210 2589
 2208 2594
 2205 2599
 2203 2604
 2200 2610
 2198 2615
 2195 2620
 2193 2625
 2190 2630
 2188 2636
 2186 2641
 2183 2646
 2181 2651
 2179 2657
 2176 2662
 2174 2667
 2172 2672
 2169 2677
 2167 2683
 2165 2688
 2163 2693
 2161 2698
 2158 2704
 2156 2709
 2154 2714
 2152 2719
 2150 2724
 2148 2730
 2146 2735
 2144 2740
 2142 2745
 2140 2751
 2137 2756
 2136 2761
 2134 2766
 2132 2771
 2130 2777
 2128 2782
 2126 2787
 2124 2792
 2122 2797
 2120 2803
 2118 2808
 2116 2813
 2115 2818
 2113 2824
 2111 2829
 2109 2834
 2107 2839
 2106 2844
 2104 2850
 2102 2855
 2101 2860
 2099 2865
 2097 2871
 2096 2876
 2094 2881
 2092 2886
 2091 2891
 2089 2897
 2087 2902
 2086 2907
 2084 2912
 2083 2918
 2081 2923
 2080 2928
 2078 2933
 2077 2938
 2075 2944
 2074 2949
 2073 2954
 2071 2959
 2070 2965
 2068 2970
 2067 2975
 2066 2980
 2064 2985
 2063 2991
 2062 2996
 2060 3001
 2059 3006
 2058 3011
 2056 3017
 2055 3022
 2054 3027
 2053 3032
 2052 3038
 2050 3043
 2049 3048
 2048 3053
 2047 3058
 2046 3064
 2045 3069
 2044 3074
 2043 3079
 2041 3085
 2040 3090
 2039 3095
 2038 3100
 2037 3105
 2036 3111
 2035 3116
 2034 3121
 2033 3126
 2032 3132
 2031 3137
 2031 3142
 2030 3147
 2029 3152
 2028 3158
 2027 3163
 2026 3168
 2025 3173
 2024 3179
 2024 3184
 2023 3189
 2022 3194
 2021 3199
 2021 3205
 2020 3210
 2019 3215
 2018 3220
 2018 3225
 2017 3231
 2016 3236
 2016 3241
 2015 3246
 2014 3252
 2014 3257
 2013 3262
 2013 3267
 2012 3272
 2011 3278
 2011 3283
 2010 3288
 2010 3293
 2009 3299
 2009 3304
 2008 3309
 2008 3314
 2007 3319
 2007 3325
 2006 3330
 2006 3335
 2006 3340
 2005 3346
 2005 3351
 2004 3356
 2004 3361
 2004 3366
 2003 3372
 2003 3377
 2003 3382
 2003 3387
 2002 3393
 2002 3398
 2002 3403
 2002 3408
 2001 3413
 2001 3419
 2001 3424
 2001 3429
 2001 3434
 2000 3439
 2000 3445
 2000 3450
 2000 3455
 2000 3460
 2000 3466
 2000 3471
 2000 3476
 2000 3481
 2000 3486
 2000 3492
 2000 3497
 2000 3502
 2000 3507
 2000 3513
 2000 3518
 2000 3523
 2000 3528
 2000 3533
 2000 3539
 2000 3544
 2000 3549
 2000 3554
 2000 3560
 2001 3565
 2001 3570
 2001 3575
 2001 3580
 2001 3586
 2002 3591
 2002 3596
 2002 3601
 2002 3606
 2003 3612
 2003 3617
 2003 3622
 2003 3627
 2004 3633
 2004 3638
 2004 3643
 2005 3648
 2005 3653
 2006 3659
 2006 3664
 2006 3669
 2007 3674
 2007 3680
 2008 3685
 2008 3690
 2009 3695
 2009 3700
 2010 3706
 2010 3711
 2011 3716
 2011 3721
 2012 3727
 2013 3732
 2013 3737
 2014 3742
 2014 3747
 2015 3753
 2016 3758
 2016 3763
 2017 3768
 2018 3774
 2018 3779
 2019 3784
 2020 3789
 2021 3794
 2021 3800
 2022 3805
 2023 3810
 2024 3815
 2024 3820
 2025 3826
 2026 3831
 2027 3836
 2028 3841
 2029 3847
 2030 3852
 2031 3857
 2031 3862
 2032 3867
 2033 3873
 2034 3878
 2035 3883
 2036 3888
 2037 3894
 2038 3899
 2039 3904
 2040 3909
 2041 3914
 2043 3920
 2044 3925
 2045 3930
 2046 3935
 2047 3941
 2048 3946
 2049 3951
 2050 3956
 2052 3961
 2053 3967
 2054 3972
 2055 3977
 2056 3982
 2058 3988
 2059 3993
 2060 3998
 2062 4003
 2063 4008
 2064 4014
 2066 4019
 2067 4024
 2068 4029
 2070 4034
 2071 4040
 2073 4045
 2074 4050
 2075 4055
 2077 4061
 2078 4066
 2080 4071
 2081 4076
 2083 4081
 2084 4087
 2086 4092
 2087 4097
 2089 4102
 2091 4108
 2092 4113
 2094 4118
 2096 4123
 2097 4128
 2099 4134
 2101 4139
 2102 4144
 2104 4149
 2106 4155
 2107 4160
 2109 4165
 2111 4170
 2113 4175
 2115 4181
 2116 4186
 2118 4191
 2120 4196
 2122 4202
 2124 4207
 2126 4212
 2128 4217
 2130 4222
 2132 4228
 2134 4233
 2136 4238
 2137 4243
 2140 4248
 2142 4254
 2144 4259
 2146 4264
 2148 4269
 2150 4275
 2152 4280
 2154 4285
 2156 4290
 2158 4295
 2161 4301
 2163 4306
 2165 4311
 2167 4316
 2169 4322
 2172 4327
 2174 4332
 2176 4337
 2179 4342
 2181 4348
 2183 4353
 2186 4358
 2188 4363
 2190 4369
 2193 4374
 2195 4379
 2198 4384
 2200 4389
 2203 4395
 2205 4400
 2208 4405
 2210 4410
 2213 4415
 2215 4421
 2218 4426
 2221 4431
 2223 4436

 2442 2563
 2442 2568
 2442 2573
 2442 2578
 2442 2584
 2442 2589
 2442 2594
 2442 2599
 2442 2604
 2442 2610
 2442 2615
 2442 2620
 2442 2625
 2442 2630
 2442 2636
 2442 2641
 2442 2646
 2442 2651
 2442 2657
 2442 2662
 2442 2667
 2442 2672
 2442 2677
 2442 2683
 2442 2688
 2442 2693
 2442 2698
 2442 2704
 2442 2709
 2442 2714
 2442 2719
 2442 2724
 2442 2730
 2442 2735
 2442 2740
 2442 2745
 2442 2751
 2442 2756
 2442 2761
 2442 2766
 2442 2771
 2442 2777
 2442 2782
 2442 2787
 2442 2792
 2442 2797
 2442 2803
 2442 2808
 2442 2813
 2442 2818
 2442 2824
 2442 2829
 2442 2834
 2442 2839
 2442 2844
 2442 2850
 2442 2855
 2442 2860
 2442 2865
 2442 2871
 2442 2876
 2442 2881
 2442 2886
 2442 2891
 2442 2897
 2442 2902
 2442 2907
 2442 2912
 2442 2918
 2442 2923
 2442 2928
 2442 2933
 2442 2938
 2442 2944
 2442 2949
 2442 2954
 2442 2959
 2442 2965
 2442 2970
 2442 2975
 2442 2980
 2442 2985
 2442 2991
 2442 2996
 2442 3001
 2442 3006
 2442 3011
 2442 3017
 2442 3022
 2442 3027
 2442 3032
 2442 3038
 2442 3043
 2442 3048
 2442 3053
 2442 3058
 2442 3064
 2442 3069
 2442 3074
 2442 3079
 2442 3085
 2442 3090
 2442 3095
 2442 3100
 2442 3105
 2442 3111
 2442 3116
 2442 3121
 2442 3126
 2442 3132
 2442 3137
 2442 3142
 2442 3147
 2442 3152
 2442 3158
 2442 3163
 2442 3168
 2442 3173
 2442 3179
 2442 3184
 2442 3189
 2442 3194
 2442 3199
 2442 3205
 2442 3210
 2442 3215
 2442 3220
 2442 3225
 2442 3231
 2442 3236
 2442 3241
 2442 3246
 2442 3252
 2442 3257
 2442 3262
 2442 3267
 2442 3272
 2442 3278
 2442 3283
 2442 3288
 2442 3293
 2442 3299
 2442 3304
 2442 3309
 2442 3314
 2442 3319
 2442 3325
 2442 3330
 2442 3335
 2442 3340
 2442 3346
 2442 3351
 2442 3356
 2442 3361
 2442 3366
 2442 3372
 2442 3377
 2442 3382
 2442 3387
 2442 3393
 2442 3398
 2442 3403
 2442 3408
 2442 3413
 2442 3419
 2442 3424
 2442 3429
 2442 3434
 2442 3439
 2442 3445
 2442 3450
 2442 3455
 2442 3460
 2442 3466
 2442 3471
 2442 3476
 2442 3481
 2442 3486
 2442 3492
 2442 3497
 2442 3502
 2442 3507
 2442 3513
 2442 3518
 2442 3523
 2442 3528
 2442 3533
 2442 3539
 2442 3544
 2442 3549
 2442 3554
 2442 3560
 2442 3565
 2442 3570
 2442 3575
 2442 3580
 2442 3586
 2442 3591
 2442 3596
 2442 3601
 2442 3606
 2442 3612
 2442 3617
 2442 3622
 2442 3627
 2442 3633
 2442 3638
 2442 3643
 2442 3648
 2442 3653
 2442 3659
 2442 3664
 2442 3669
 2442 3674
 2442 3680
 2442 3685
 2442 3690
 2442 3695
 2442 3700
 2442 3706
 2442 3711
 2442 3716
 2442 3721
 2442 3727
 2442 3732
 2442 3737
 2442 3742
 2442 3747
 2442 3753
 2442 3758
 2442 3763
 2442 3768
 2442 3774
 2442 3779
 2442 3784
 2442 3789
 2442 3794
 2442 3800
 2442 3805
 2442 3810
 2442 3815
 2442 3820
 2442 3826
 2442 3831
 2442 3836
 2442 3841
 2442 3847
 2442 3852
 2442 3857
 2442 3862
 2442 3867
 2442 3873
 2442 3878
 2442 3883
 2442 3888
 2442 3894
 2442 3899
 2442 3904
 2442 3909
 2442 3914
 2442 3920
 2442 3925
 2442 3930
 2442 3935
 2442 3941
 2442 3946
 2442 3951
 2442 3956
 2442 3961
 2442 3967
 2442 3972
 2442 3977
 2442 3982
 2442 3988
 2442 3993
 2442 3998
 2442 4003
 2442 4008
 2442 4014
 2442 4019
 2442 4024
 2442 4029
 2442 4034
 2442 4040
 2442 4045
 2442 4050
 2442 4055
 2442 4061
 2442 4066
 2442 4071
 2442 4076
 2442 4081
 2442 4087
 2442 4092
 2442 4097
 2442 4102
 2442 4108
 2442 4113
 2442 4118
 2442 4123
 2442 4128
 2442 4134
 2442 4139
 2442 4144
 2442 4149
 2442 4155
 2442 4160
 2442 4165
 2442 4170
 2442 4175
 2442 4181
 2442 4186
 2442 4191
 2442 4196
 2442 4202
 2442 4207
 2442 4212
 2442 4217
 2442 4222
 2442 4228
 2442 4233
 2442 4238
 2442 4243
 2442 4248
 2442 4254
 2442 4259
 2442 4264
 2442 4269
 2442 4275
 2442 4280
 2442 4285
 2442 4290
 2442 4295
 2442 4301
 2442 4306
 2442 4311
 2442 4316
 2442 4322
 2442 4327
 2442 4332
 2442 4337
 2442 4342
 2442 4348
 2442 4353
 2442 4358
 2442 4363
 2442 4369
 2442 4374
 2442 4379
 2442 4384
 2442 4389
 2442 4395
 2442 4400
 2442 4405
 2442 4410
 2442 4415
 2442 4421
 2442 4426
 2442 4431
 2442 4436

 2899 2745
 2900 2749
 2901 2753
 2902 2758
 2903 2762
 2905 2766
 2906 2770
 2907 2774
 2908 2779
 2909 2783
 2910 2787
 2911 2791
 2912 2795
 2913 2800
 2914 2804
 2916 2808
 2917 2812
 2918 2816
 2919 2821
 2920 2825
 2921 2829
 2922 2833
 2923 2837
 2924 2842
 2925 2846
 2926 2850
 2927 2854
 2928 2858
 2929 2863
 2930 2867
 2931 2871
 2932 2875
 2933 2879
 2934 2884
 2935 2888
 2935 2892
 2936 2896
 2937 2900
 2938 2905
 2939 2909
 2940 2913
 2941 2917
 2942 2921
 2943 2926
 2944 2930
 2944 2934
 2945 2938
 2946 2943
 2947 2947
 2948 2951
 2949 2955
 2949 2959
 2950 2964
 2951 2968
 2952 2972
 2953 2976
 2953 2980
 2954 2985
 2955 2989
 2956 2993
 2957 2997
 2957 3001
 2958 3006
 2959 3010
 2960 3014
 2960 3018
 2961 3022
 2962 3027
 2962 3031
 2963 3035
 2964 3039
 2965 3043
 2965 3048
 2966 3052
 2967 3056
 2967 3060
 2968 3064
 2969 3069
 2969 3073
 2970 3077
 2970 3081
 2971 3085
 2972 3090
 2972 3094
 2973 3098
 2974 3102
 2974 3106
 2975 3111
 2975 3115
 2976 3119
 2976 3123
 2977 3127
 2978 3132
 2978 3136
 2979 3140
 2979 3144
 2980 3148
 2980 3153
 2981 3157
 2981 3161
 2982 3165
 2982 3170
 2983 3174
 2983 3178
 2984 3182
 2984 3186
 2985 3191
 2985 3195
 2986 3199
 2986 3203
 2987 3207
 2987 3212
 2987 3216
 2988 3220
 2988 3224
 2989 3228
 2989 3233
 2989 3237
 2990 3241
 2990 3245
 2991 3249
 2991 3254
 2991 3258
 2992 3262
 2992 3266
 2992 3270
 2993 3275
 2993 3279
 2993 3283
 2994 3287
 2994 3291
 2994 3296
 2995 3300
 2995 3304
 2995 3308
 2995 3312
 2996 3317
 2996 3321
 2996 3325
 2997 3329
 2997 3333
 2997 3338
 2997 3342
 2998 3346
 2998 3350
 2998 3354
 2998 3359
 2998 3363
 2999 3367
 2999 3371
 2999 3375
 2999 3380
 2999 3384
 3000 3388
 3000 3392
 3000 3397
 3000 3401
 3000 3405
 3000 3409
 3000 3413
 3001 3418
 3001 3422
 3001 3426
 3001 3430
 3001 3434
 3001 3439
 3001 3443
 3001 3447
 3001 3451
 3001 3455
 3001 3460
 3001 3464
 3002 3468
 3002 3472
 3002 3476
 3002 3481
 3002 3485
 3002 3489
 3002 3493
 3002 3497
 3002 3502
 3002 3506
 3002 3510
 3002 3514
 3002 3518
 3002 3523
 3002 3527
 3002 3531
 3001 3535
 3001 3539
 3001 3544
 3001 3548
 3001 3552
 3001 3556
 3001 3560
 3001 3565
 3001 3569
 3001 3573
 3001 3577
 3001 3581
 3000 3586
 3000 3590
 3000 3594
 3000 3598
 3000 3602
 3000 3607
 3000 3611
 2999 3615
 2999 3619
 2999 3624
 2999 3628
 2999 3632
 2998 3636
 2998 3640
 2998 3645
 2998 3649
 2998 3653
 2997 3657
 2997 3661
 2997 3666
 2997 3670
 2996 3674
 2996 3678
 2996 3682
 2995 3687
 2995 3691
 2995 3695
 2995 3699
 2994 3703
 2994 3708
 2994 3712
 2993 3716
 2993 3720
 2993 3724
 2992 3729
 2992 3733
 2992 3737
 2991 3741
 2991 3745
 2991 3750
 2990 3754
 2990 3758
 2989 3762
 2989 3766
 2989 3771
 2988 3775
 2988 3779
 2987 3783
 2987 3787
 2987 3792
 2986 3796
 2986 3800
 2985 3804
 2985 3808
 2984 3813
 2984 3817
 2983 3821
 2983 3825
 2982 3829
 2982 3834
 2981 3838
 2981 3842
 2980 3846
 2980 3851
 2979 3855
 2979 3859
 2978 3863
 2978 3867
 2977 3872
 2976 3876
 2976 3880
 2975 3884
 2975 3888
 2974 3893
 2974 3897
 2973 3901
 2972 3905
 2972 3909
 2971 3914
 2970 3918
 2970 3922
 2969 3926
 2969 3930
 2968 3935
 2967 3939
 2967 3943
 2966 3947
 2965 3951
 2965 3956
 2964 3960
 2963 3964
 2962 3968
 2962 3972
 2961 3977
 2960 3981
 2960 3985
 2959 3989
 2958 3993
 2957 3998
 2957 4002
 2956 4006
 2955 4010
 2954 4014
 2953 4019
 2953 4023
 2952 4027
 2951 4031
 2950 4035
 2949 4040
 2949 4044
 2948 4048
 2947 4052
 2946 4056
 2945 4061
 2944 4065
 2944 4069
 2943 4073
 2942 4078
 2941 4082
 2940 4086
 2939 4090
 2938 4094
 2937 4099
 2936 4103
 2935 4107
 2935 4111
 2934 4115
 2933 4120
 2932 4124
 2931 4128
 2930 4132
 2929 4136
 2928 4141
 2927 4145
 2926 4149
 2925 4153
 2924 4157
 2923 4162
 2922 4166
 2921 4170
 2920 4174
 2919 4178
 2918 4183
 2917 4187
 2916 4191
 2914 4195
 2913 4199
 2912 4204
 2911 4208
 2910 4212
 2909 4216
 2908 4220
 2907 4225
 2906 4229
 2905 4233
 2903 4237
 2902 4241
 2901 4246
 2900 4250
 2899 4254

 3279 2770
 3278 2774
 3276 2778
 3275 2782
 3273 2787
 3271 2791
 3270 2795
 3268 2799
 3267 2803
 3265 2807
 3264 2811
 3262 2815
 3261 2819
 3260 2823
 3258 2827
 3257 2831
 3255 2835
 3254 2839
 3252 2843
 3251 2847
 3250 2852
 3248 2856
 3247 2860
 3246 2864
 3244 2868
 3243 2872
 3242 2876
 3240 2880
 3239 2884
 3238 2888
 3236 2892
 3235 2896
 3234 2900
 3232 2904
 3231 2908
 3230 2912
 3229 2917
 3228 2921
 3226 2925
 3225 2929
 3224 2933
 3223 2937
 3222 2941
 3220 2945
 3219 2949
 3218 2953
 3217 2957
 3216 2961
 3215 2965
 3214 2969
 3212 2973
 3211 2977
 3210 2982
 3209 2986
 3208 2990
 3207 2994
 3206 2998
 3205 3002
 3204 3006
 3203 3010
 3202 3014
 3201 3018
 3200 3022
 3199 3026
 3198 3030
 3197 3034
 3196 3038
 3195 3042
 3194 3047
 3193 3051
 3192 3055
 3191 3059
 3190 3063
 3190 3067
 3189 3071
 3188 3075
 3187 3079
 3186 3083
 3185 3087
 3184 3091
 3183 3095
 3183 3099
 3182 3103
 3181 3107
 3180 3112
 3179 3116
 3179 3120
 3178 3124
 3177 3128
 3176 3132
 3176 3136
 3175 3140
 3174 3144
 3173 3148
 3173 3152
 3172 3156
 3171 3160
 3171 3164
 3170 3168
 3169 3172
 3169 3177
 3168 3181
 3167 3185
 3167 3189
 3166 3193
 3165 3197
 3165 3201
 3164 3205
 3164 3209
 3163 3213
 3162 3217
 3162 3221
 3161 3225
 3161 3229
 3160 3233
 3160 3237
 3159 3242
 3159 3246
 3158 3250
 3158 3254
 3157 3258
 3157 3262
 3156 3266
 3156 3270
 3155 3274
 3155 3278
 3154 3282
 3154 3286
 3153 3290
 3153 3294
 3153 3298
 3152 3302
 3152 3307
 3151 3311
 3151 3315
 3151 3319
 3150 3323
 3150 3327
 3150 3331
 3149 3335
 3149 3339
 3149 3343
 3148 3347
 3148 3351
 3148 3355
 3147 3359
 3147 3363
 3147 3367
 3147 3372
 3146 3376
 3146 3380
 3146 3384
 3146 3388
 3145 3392
 3145 3396
 3145 3400
 3145 3404
 3145 3408
 3144 3412
 3144 3416
 3144 3420
 3144 3424
 3144 3428
 3144 3432
 3143 3437
 3143 3441
 3143 3445
 3143 3449
 3143 3453
 3143 3457
 3143 3461
 3143 3465
 3143 3469
 3143 3473
 3143 3477
 3143 3481
 3143 3485
 3143 3489
 3142 3493
 3142 3497
 3142 3502
 3142 3506
 3143 3510
 3143 3514
 3143 3518
 3143 3522
 3143 3526
 3143 3530
 3143 3534
 3143 3538
 3143 3542
 3143 3546
 3143 3550
 3143 3554
 3143 3558
 3143 3562
 3144 3567
 3144 3571
 3144 3575
 3144 3579
 3144 3583
 3144 3587
 3145 3591
 3145 3595
 3145 3599
 3145 3603
 3145 3607
 3146 3611
 3146 3615
 3146 3619
 3146 3623
 3147 3627
 3147 3632
 3147 3636
 3147 3640
 3148 3644
 3148 3648
 3148 3652
 3149 3656
 3149 3660
 3149 3664
 3150 3668
 3150 3672
 3150 3676
 3151 3680
 3151 3684
 3151 3688
 3152 3692
 3152 3697
 3153 3701
 3153 3705
 3153 3709
 3154 3713
 3154 3717
 3155 3721
 3155 3725
 3156 3729
 3156 3733
 3157 3737
 3157 3741
 3158 3745
 3158 3749
 3159 3753
 3159 3757
 3160 3762
 3160 3766
 3161 3770
 3161 3774
 3162 3778
 3162 3782
 3163 3786
 3164 3790
 3164 3794
 3165 3798
 3165 3802
 3166 3806
 3167 3810
 3167 3814
 3168 3818
 3169 3822
 3169 3827
 3170 3831
 3171 3835
 3171 3839
 3172 3843
 3173 3847
 3173 3851
 3174 3855
 3175 3859
 3176 3863
 3176 3867
 3177 3871
 3178 3875
 3179 3879
 3179 3883
 3180 3887
 3181 3892
 3182 3896
 3183 3900
 3183 3904
 3184 3908
 3185 3912
 3186 3916
 3187 3920
 3188 3924
 3189 3928
 3190 3932
 3190 3936
 3191 3940
 3192 3944
 3193 3948
 3194 3952
 3195 3957
 3196 3961
 3197 3965
 3198 3969
 3199 3973
 3200 3977
 3201 3981
 3202 3985
 3203 3989
 3204 3993
 3205 3997
 3206 4001
 3207 4005
 3208 4009
 3209 4013
 3210 4017
 3211 4022
 3212 4026
 3214 4030
 3215 4034
 3216 4038
 3217 4042
 3218 4046
 3219 4050
 3220 4054
 3222 4058
 3223 4062
 3224 4066
 3225 4070
 3226 4074
 3228 4078
 3229 4082
 3230 4087
 3231 4091
 3232 4095
 3234 4099
 3235 4103
 3236 4107
 3238 4111
 3239 4115
 3240 4119
 3242 4123
 3243 4127
 3244 4131
 3246 4135
 3247 4139
 3248 4143
 3250 4147
 3251 4152
 3252 4156
 3254 4160
 3255 4164
 3257 4168
 3258 4172
 3260 4176
 3261 4180
 3262 4184
 3264 4188
 3265 4192
 3267 4196
 3268 4200
 3270 4204
 3271 4208
 3273 4212
 3275 4217
 3276 4221
 3278 4225
 3279 4229

 3193 2785
 3193 2789
 3193 2793
 3193 2797
 3193 2801
 3193 2805
 3193 2809
 3193 2813
 3193 2817
 3193 2821
 3193 2825
 3193 2829
 3193 2833
 3193 2837
 3193 2841
 3193 2845
 3193 2849
 3193 2853
 3193 2857
 3193 2861
 3193 2865
 3193 2869
 3193 2873
 3193 2877
 3193 2881
 3193 2885
 3193 2889
 3193 2893
 3193 2897
 3193 2901
 3193 2905
 3193 2909
 3193 2913
 3193 2917
 3193 2921
 3193 2925
 3193 2929
 3193 2933
 3193 2937
 3193 2941
 3193 2945
 3193 2949
 3193 2953
 3193 2957
 3193 2960
 3193 2964
 3193 2968
 3193 2972
 3193 2976
 3193 2980
 3193 2984
 3193 2988
 3193 2992
 3193 2996
 3193 3000
 3193 3004
 3193 3008
 3193 3012
 3193 3016
 3193 3020
 3193 3024
 3193 3028
 3193 3032
 3193 3036
 3193 3040
 3193 3044
 3193 3048
 3193 3052
 3193 3056
 3193 3060
 3193 3064
 3193 3068
 3193 3072
 3193 3076
 3193 3080
 3193 3084
 3193 3088
 3193 3092
 3193 3096
 3193 3100
 3193 3104
 3193 3108
 3193 3112
 3193 3116
 3193 3120
 3193 3124
 3193 3128
 3193 3132
 3193 3136
 3193 3139
 3193 3143
 3193 3147
 3193 3151
 3193 3155
 3193 3159
 3193 3163
 3193 3167
 3193 3171
 3193 3175
 3193 3179
 3193 3183
 3193 3187
 3193 3191
 3193 3195
 3193 3199
 3193 3203
 3193 3207
 3193 3211
 3193 3215
 3193 3219
 3193 3223
 3193 3227
 3193 3231
 3193 3235
 3193 3239
 3193 3243
 3193 3247
 3193 3251
 3193 3255
 3193 3259
 3193 3263
 3193 3267
 3193 3271
 3193 3275
 3193 3279
 3193 3283
 3193 3287
 3193 3291
 3193 3295
 3193 3299
 3193 3303
 3193 3307
 3193 3311
 3193 3315
 3193 3319
 3193 3322
 3193 3326
 3193 3330
 3193 3334
 3193 3338
 3193 3342
 3193 3346
 3193 3350
 3193 3354
 3193 3358
 3193 3362
 3193 3366
 3193 3370
 3193 3374
 3193 3378
 3193 3382
 3193 3386
 3193 3390
 3193 3394
 3193 3398
 3193 3402
 3193 3406
 3193 3410
 3193 3414
 3193 3418
 3193 3422
 3193 3426
 3193 3430
 3193 3434
 3193 3438
 3193 3442
 3193 3446
 3193 3450
 3193 3454
 3193 3458
 3193 3462
 3193 3466
 3193 3470
 3193 3474
 3193 3478
 3193 3482
 3193 3486
 3193 3490
 3193 3494
 3193 3498
 3193 3501
 3193 3505
 3193 3509
 3193 3513
 3193 3517
 3193 3521
 3193 3525
 3193 3529
 3193 3533
 3193 3537
 3193 3541
 3193 3545
 3193 3549
 3193 3553
 3193 3557
 3193 3561
 3193 3565
 3193 3569
 3193 3573
 3193 3577
 3193 3581
 3193 3585
 3193 3589
 3193 3593
 3193 3597
 3193 3601
 3193 3605
 3193 3609
 3193 3613
 3193 3617
 3193 3621
 3193 3625
 3193 3629
 3193 3633
 3193 3637
 3193 3641
 3193 3645
 3193 3649
 3193 3653
 3193 3657
 3193 3661
 3193 3665
 3193 3669
 3193 3673
 3193 3677
 3193 3680
 3193 3684
 3193 3688
 3193 3692
 3193 3696
 3193 3700
 3193 3704
 3193 3708
 3193 3712
 3193 3716
 3193 3720
 3193 3724
 3193 3728
 3193 3732
 3193 3736
 3193 3740
 3193 3744
 3193 3748
 3193 3752
 3193 3756
 3193 3760
 3193 3764
 3193 3768
 3193 3772
 3193 3776
 3193 3780
 3193 3784
 3193 3788
 3193 3792
 3193 3796
 3193 3800
 3193 3804
 3193 3808
 3193 3812
 3193 3816
 3193 3820
 3193 3824
 3193 3828
 3193 3832
 3193 3836
 3193 3840
 3193 3844
 3193 3848
 3193 3852
 3193 3856
 3193 3860
 3193 3863
 3193 3867
 3193 3871
 3193 3875
 3193 3879
 3193 3883
 3193 3887
 3193 3891
 3193 3895
 3193 3899
 3193 3903
 3193 3907
 3193 3911
 3193 3915
 3193 3919
 3193 3923
 3193 3927
 3193 3931
 3193 3935
 3193 3939
 3193 3943
 3193 3947
 3193 3951
 3193 3955
 3193 3959
 3193 3963
 3193 3967
 3193 3971
 3193 3975
 3193 3979
 3193 3983
 3193 3987
 3193 3991
 3193 3995
 3193 3999
 3193 4003
 3193 4007
 3193 4011
 3193 4015
 3193 4019
 3193 4023
 3193 4027
 3193 4031
 3193 4035
 3193 4039
 3193 4042
 3193 4046
 3193 4050
 3193 4054
 3193 4058
 3193 4062
 3193 4066
 3193 4070
 3193 4074
 3193 4078
 3193 4082
 3193 4086
 3193 4090
 3193 4094
 3193 4098
 3193 4102
 3193 4106
 3193 4110
 3193 4114
 3193 4118
 3193 4122
 3193 4126
 3193 4130
 3193 4134
 3193 4138
 3193 4142
 3193 4146
 3193 4150
 3193 4154
 3193 4158
 3193 4162
 3193 4166
 3193 4170
 3193 4174
 3193 4178
 3193 4182
 3193 4186
 3193 4190
 3193 4194
 3193 4198
 3193 4202
 3193 4206
 3193 4210
 3193 4214

 3586 2715
 3585 2719
 3584 2723
 3584 2728
 3583 2732
 3583 2736
 3582 2741
 3581 2745
 3581 2750
 3580 2754
 3580 2758
 3579 2763
 3578 2767
 3578 2771
 3577 2776
 3577 2780
 3576 2785
 3575 2789
 3575 2793
 3574 2798
 3574 2802
 3573 2806
 3573 2811
 3572 2815
 3571 2820
 3571 2824
 3570 2828
 3570 2833
 3569 2837
 3569 2841
 3568 2846
 3568 2850
 3567 2854
 3567 2859
 3566 2863
 3566 2868
 3565 2872
 3565 2876
 3564 2881
 3564 2885
 3563 2889
 3563 2894
 3562 2898
 3562 2903
 3561 2907
 3561 2911
 3560 2916
 3560 2920
 3559 2924
 3559 2929
 3558 2933
 3558 2938
 3557 2942
 3557 2946
 3557 2951
 3556 2955
 3556 2959
 3555 2964
 3555 2968
 3554 2973
 3554 2977
 3554 2981
 3553 2986
 3553 2990
 3552 2994
 3552 2999
 3552 3003
 3551 3008
 3551 3012
 3550 3016
 3550 3021
 3550 3025
 3549 3029
 3549 3034
 3548 3038
 3548 3043
 3548 3047
 3547 3051
 3547 3056
 3547 3060
 3546 3064
 3546 3069
 3546 3073
 3545 3078
 3545 3082
 3545 3086
 3544 3091
 3544 3095
 3544 3099
 3543 3104
 3543 3108
 3543 3112
 3542 3117
 3542 3121
 3542 3126
 3541 3130
 3541 3134
 3541 3139
 3541 3143
 3540 3147
 3540 3152
 3540 3156
 3539 3161
 3539 3165
 3539 3169
 3539 3174
 3538 3178
 3538 3182
 3538 3187
 3538 3191
 3537 3196
 3537 3200
 3537 3204
 3537 3209
 3536 3213
 3536 3217
 3536 3222
 3536 3226
 3536 3231
 3535 3235
 3535 3239
 3535 3244
 3535 3248
 3534 3252
 3534 3257
 3534 3261
 3534 3266
 3534 3270
 3534 3274
 3533 3279
 3533 3283
 3533 3287
 3533 3292
 3533 3296
 3533 3301
 3532 3305
 3532 3309
 3532 3314
 3532 3318
 3532 3322
 3532 3327
 3531 3331
 3531 3336
 3531 3340
 3531 3344
 3531 3349
 3531 3353
 3531 3357
 3531 3362
 3531 3366
 3530 3370
 3530 3375
 3530 3379
 3530 3384
 3530 3388
 3530 3392
 3530 3397
 3530 3401
 3530 3405
 3530 3410
 3530 3414
 3529 3419
 3529 3423
 3529 3427
 3529 3432
 3529 3436
 3529 3440
 3529 3445
 3529 3449
 3529 3454
 3529 3458
 3529 3462
 3529 3467
 3529 3471
 3529 3475
 3529 3480
 3529 3484
 3529 3489
 3529 3493
 3529 3497
 3529 3502
 3529 3506
 3529 3510
 3529 3515
 3529 3519
 3529 3524
 3529 3528
 3529 3532
 3529 3537
 3529 3541
 3529 3545
 3529 3550
 3529 3554
 3529 3559
 3529 3563
 3529 3567
 3529 3572
 3529 3576
 3529 3580
 3530 3585
 3530 3589
 3530 3594
 3530 3598
 3530 3602
 3530 3607
 3530 3611
 3530 3615
 3530 3620
 3530 3624
 3530 3629
 3531 3633
 3531 3637
 3531 3642
 3531 3646
 3531 3650
 3531 3655
 3531 3659
 3531 3663
 3531 3668
 3532 3672
 3532 3677
 3532 3681
 3532 3685
 3532 3690
 3532 3694
 3533 3698
 3533 3703
 3533 3707
 3533 3712
 3533 3716
 3533 3720
 3534 3725
 3534 3729
 3534 3733
 3534 3738
 3534 3742
 3534 3747
 3535 3751
 3535 3755
 3535 3760
 3535 3764
 3536 3768
 3536 3773
 3536 3777
 3536 3782
 3536 3786
 3537 3790
 3537 3795
 3537 3799
 3537 3803
 3538 3808
 3538 3812
 3538 3817
 3538 3821
 3539 3825
 3539 3830
 3539 3834
 3539 3838
 3540 3843
 3540 3847
 3540 3852
 3541 3856
 3541 3860
 3541 3865
 3541 3869
 3542 3873
 3542 3878
 3542 3882
 3543 3887
 3543 3891
 3543 3895
 3544 3900
 3544 3904
 3544 3908
 3545 3913
 3545 3917
 3545 3921
 3546 3926
 3546 3930
 3546 3935
 3547 3939
 3547 3943
 3547 3948
 3548 3952
 3548 3956
 3548 3961
 3549 3965
 3549 3970
 3550 3974
 3550 3978
 3550 3983
 3551 3987
 3551 3991
 3552 3996
 3552 4000
 3552 4005
 3553 4009
 3553 4013
 3554 4018
 3554 4022
 3554 4026
 3555 4031
 3555 4035
 3556 4040
 3556 4044
 3557 4048
 3557 4053
 3557 4057
 3558 4061
 3558 4066
 3559 4070
 3559 4075
 3560 4079
 3560 4083
 3561 4088
 3561 4092
 3562 4096
 3562 4101
 3563 4105
 3563 4110
 3564 4114
 3564 4118
 3565 4123
 3565 4127
 3566 4131
 3566 4136
 3567 4140
 3567 4145
 3568 4149
 3568 4153
 3569 4158
 3569 4162
 3570 4166
 3570 4171
 3571 4175
 3571 4179
 3572 4184
 3573 4188
 3573 4193
 3574 4197
 3574 4201
 3575 4206
 3575 4210
 3576 4214
 3577 4219
 3577 4223
 3578 4228
 3578 4232
 3579 4236
 3580 4241
 3580 4245
 3581 4249
 3581 4254
 3582 4258
 3583 4263
 3583 4267
 3584 4271
 3584 4276
 3585 4280
 3586 4284

 3867 2715
 3868 2719
 3870 2723
 3872 2728
 3873 2732
 3875 2736
 3877 2741
 3878 2745
 3880 2750
 3881 2754
 3883 2758
 3885 2763
 3886 2767
 3888 2771
 3889 2776
 3891 2780
 3892 2785
 3894 2789
 3895 2793
 3897 2798
 3898 2802
 3900 2806
 3901 2811
 3903 2815
 3904 2820
 3905 2824
 3907 2828
 3908 2833
 3910 2837
 3911 2841
 3912 2846
 3914 2850
 3915 2854
 3916 2859
 3918 2863
 3919 2868
 3920 2872
 3922 2876
 3923 2881
 3924 2885
 3926 2889
 3927 2894
 3928 2898
 3929 2903
 3930 2907
 3932 2911
 3933 2916
 3934 2920
 3935 2924
 3937 2929
 3938 2933
 3939 2938
 3940 2942
 3941 2946
 3942 2951
 3943 2955
 3945 2959
 3946 2964
 3947 2968
 3948 2973
 3949 2977
 3950 2981
 3951 2986
 3952 2990
 3953 2994
 3954 2999
 3955 3003
 3956 3008
 3957 3012
 3958 3016
 3959 3021
 3960 3025
 3961 3029
 3962 3034
 3963 3038
 3964 3043
 3965 3047
 3966 3051
 3967 3056
 3968 3060
 3968 3064
 3969 3069
 3970 3073
 3971 3078
 3972 3082
 3973 3086
 3974 3091
 3974 3095
 3975 3099
 3976 3104
 3977 3108
 3978 3112
 3978 3117
 3979 3121
 3980 3126
 3981 3130
 3981 3134
 3982 3139
 3983 3143
 3984 3147
 3984 3152
 3985 3156
 3986 3161
 3986 3165
 3987 3169
 3988 3174
 3988 3178
 3989 3182
 3990 3187
 3990 3191
 3991 3196
 3991 3200
 3992 3204
 3993 3209
 3993 3213
 3994 3217
 3994 3222
 3995 3226
 3995 3231
 3996 3235
 3997 3239
 3997 3244
 3998 3248
 3998 3252
 3999 3257
 3999 3261
 4000 3266
 4000 3270
 4000 3274
 4001 3279
 4001 3283
 4002 3287
 4002 3292
 4003 3296
 4003 3301
 4003 3305
 4004 3309
 4004 3314
 4004 3318
 4005 3322
 4005 3327
 4006 3331
 4006 3336
 4006 3340
 4007 3344
 4007 3349
 4007 3353
 4007 3357
 4008 3362
 4008 3366
 4008 3370
 4008 3375
 4009 3379
 4009 3384
 4009 3388
 4009 3392
 4010 3397
 4010 3401
 4010 3405
 4010 3410
 4010 3414
 4011 3419
 4011 3423
 4011 3427
 4011 3432
 4011 3436
 4011 3440
 4011 3445
 4011 3449
 4012 3454
 4012 3458
 4012 3462
 4012 3467
 4012 3471
 4012 3475
 4012 3480
 4012 3484
 4012 3489
 4012 3493
 4012 3497
 4012 3502
 4012 3506
 4012 3510
 4012 3515
 4012 3519
 4012 3524
 4012 3528
 4012 3532
 4012 3537
 4012 3541
 4012 3545
 4011 3550
 4011 3554
 4011 3559
 4011 3563
 4011 3567
 4011 3572
 4011 3576
 4011 3580
 4010 3585
 4010 3589
 4010 3594
 4010 3598
 4010 3602
 4009 3607
 4009 3611
 4009 3615
 4009 3620
 4008 3624
 4008 3629
 4008 3633
 4008 3637
 4007 3642
 4007 3646
 4007 3650
 4007 3655
 4006 3659
 4006 3663
 4006 3668
 4005 3672
 4005 3677
 4004 3681
 4004 3685
 4004 3690
 4003 3694
 4003 3698
 4003 3703
 4002 3707
 4002 3712
 4001 3716
 4001 3720
 4000 3725
 4000 3729
 4000 3733
 3999 3738
 3999 3742
 3998 3747
 3998 3751
 3997 3755
 3997 3760
 3996 3764
 3995 3768
 3995 3773
 3994 3777
 3994 3782
 3993 3786
 3993 3790
 3992 3795
 3991 3799
 3991 3803
 3990 3808
 3990 3812
 3989 3817
 3988 3821
 3988 3825
 3987 3830
 3986 3834
 3986 3838
 3985 3843
 3984 3847
 3984 3852
 3983 3856
 3982 3860
 3981 3865
 3981 3869
 3980 3873
 3979 3878
 3978 3882
 3978 3887
 3977 3891
 3976 3895
 3975 3900
 3974 3904
 3974 3908
 3973 3913
 3972 3917
 3971 3921
 3970 3926
 3969 3930
 3968 3935
 3968 3939
 3967 3943
 3966 3948
 3965 3952
 3964 3956
 3963 3961
 3962 3965
 3961 3970
 3960 3974
 3959 3978
 3958 3983
 3957 3987
 3956 3991
 3955 3996
 3954 4000
 3953 4005
 3952 4009
 3951 4013
 3950 4018
 3949 4022
 3948 4026
 3947 4031
 3946 4035
 3945 4040
 3943 4044
 3942 4048
 3941 4053
 3940 4057
 3939 4061
 3938 4066
 3937 4070
 3935 4075
 3934 4079
 3933 4083
 3932 4088
 3930 4092
 3929 4096
 3928 4101
 3927 4105
 3926 4110
 3924 4114
 3923 4118
 3922 4123
 3920 4127
 3919 4131
 3918 4136
 3916 4140
 3915 4145
 3914 4149
 3912 4153
 3911 4158
 3910 4162
 3908 4166
 3907 4171
 3905 4175
 3904 4179
 3903 4184
 3901 4188
 3900 4193
 3898 4197
 3897 4201
 3895 4206
 3894 4210
 3892 4214
 3891 4219
 3889 4223
 3888 4228
 3886 4232
 3885 4236
 3883 4241
 3881 4245
 3880 4249
 3878 4254
 3877 4258
 3875 4263
 3873 4267
 3872 4271
 3870 4276
 3868 4280
 3867 4284

 8000 1586
 8000 1597
 8000 1608
 8000 1618
 8000 1629
 8000 1640
 8000 1650
 8000 1661
 8000 1672
 8000 1682
 8000 1693
 8000 1704
 8000 1714
 8000 1725
 8000 1736
 8000 1746
 8000 1757
 8000 1767
 8000 1778
 8000 1789
 8000 1799
 8000 1810
 8000 1821
 8000 1831
 8000 1842
 8000 1853
 8000 1863
 8000 1874
 8000 1885
 8000 1895
 8000 1906
 8000 1917
 8000 1927
 8000 1938
 8000 1949
 8000 1959
 8000 1970
 8000 1981
 8000 1991
 8000 2002
 8000 2013
 8000 2023
 8000 2034
 8000 2045
 8000 2055
 8000 2066
 8000 2077
 8000 2087
 8000 2098
 8000 2109
 8000 2119
 8000 2130
 8000 2141
 8000 2151
 8000 2162
 8000 2173
 8000 2183
 8000 2194
 8000 2204
 8000 2215
 8000 2226
 8000 2236
 8000 2247
 8000 2258
 8000 2268
 8000 2279
 8000 2290
 8000 2300
 8000 2311
 8000 2322
 8000 2332
 8000 2343
 8000 2354
 8000 2364
 8000 2375
 8000 2386
 8000 2396
 8000 2407
 8000 2418
 8000 2428
 8000 2439
 8000 2450
 8000 2460
 8000 2471
 8000 2482
 8000 2492
 8000 2503
 8000 2514
 8000 2524
 8000 2535
 8000 2546
 8000 2556
 8000 2567
 8000 2578
 8000 2588
 8000 2599
 8000 2610
 8000 2620
 8000 2631
 8000 2641
 8000 2652
 8000 2663
 8000 2673
 8000 2684
 8000 2695
 8000 2705
 8000 2716
 8000 2727
 8000 2737
 8000 2748
 8000 2759
 8000 2769
 8000 2780
 8000 2791
 8000 2801
 8000 2812
 8000 2823
 8000 2833
 8000 2844
 8000 2855
 8000 2865
 8000 2876
 8000 2887
 8000 2897
 8000 2908
 8000 2919
 8000 2929
 8000 2940
 8000 2951
 8000 2961
 8000 2972
 8000 2983
 8000 2993
 8000 3004
 8000 3015
 8000 3025
 8000 3036
 8000 3047
 8000 3057
 8000 3068
 8000 3078
 8000 3089
 8000 3100
 8000 3110
 8000 3121
 8000 3132
 8000 3142
 8000 3153
 8000 3164
 8000 3174
 8000 3185
 8000 3196
 8000 3206
 8000 3217
 8000 3228
 8000 3238
 8000 3249
 8000 3260
 8000 3270
 8000 3281
 8000 3292
 8000 3302
 8000 3313
 8000 3324
 8000 3334
 8000 3345
 8000 3356
 8000 3366
 8000 3377
 8000 3388
 8000 3398
 8000 3409
 8000 3420
 8000 3430
 8000 3441
 8000 3452
 8000 3462
 8000 3473
 8000 3484
 8000 3494
 8000 3505
 8000 3515
 8000 3526
 8000 3537
 8000 3547
 8000 3558
 8000 3569
 8000 3579
 8000 3590
 8000 3601
 8000 3611
 8000 3622
 8000 3633
 8000 3643
 8000 3654
 8000 3665
 8000 3675
 8000 3686
 8000 3697
 8000 3707
 8000 3718
 8000 3729
 8000 3739
 8000 3750
 8000 3761
 8000 3771
 8000 3782
 8000 3793
 8000 3803
 8000 3814
 8000 3825
 8000 3835
 8000 3846
 8000 3857
 8000 3867
 8000 3878
 8000 3889
 8000 3899
 8000 3910
 8000 3921
 8000 3931
 8000 3942
 8000 3952
 8000 3963
 8000 3974
 8000 3984
 8000 3995
 8000 4006
 8000 4016
 8000 4027
 8000 4038
 8000 4048
 8000 4059
 8000 4070
 8000 4080
 8000 4091
 8000 4102
 8000 4112
 8000 4123
 8000 4134
 8000 4144
 8000 4155
 8000 4166
 8000 4176
 8000 4187
 8000 4198
 8000 4208
 8000 4219
 8000 4230
 8000 4240
 8000 4251
 8000 4262
 8000 4272
 8000 4283
 8000 4294
 8000 4304
 8000 4315
 8000 4326
 8000 4336
 8000 4347
 8000 4358
 8000 4368
 8000 4379
 8000 4389
 8000 4400
 8000 4411
 8000 4421
 8000 4432
 8000 4443
 8000 4453
 8000 4464
 8000 4475
 8000 4485
 8000 4496
 8000 4507
 8000 4517
 8000 4528
 8000 4539
 8000 4549
 8000 4560
 8000 4571
 8000 4581
 8000 4592
 8000 4603
 8000 4613
 8000 4624
 8000 4635
 8000 4645
 8000 4656
 8000 4667
 8000 4677
 8000 4688
 8000 4699
 8000 4709
 8000 4720
 8000 4731
 8000 4741
 8000 4752
 8000 4763
 8000 4773
 8000 4784
 8000 4795
 8000 4805
 8000 4816
 8000 4826
 8000 4837
 8000 4848
 8000 4858
 8000 4869
 8000 4880
 8000 4890
 8000 4901
 8000 4912
 8000 4922
 8000 4933
 8000 4944
 8000 4954
 8000 4965
 8000 4976
 8000 4986
 8000 4997
 8000 5008
 8000 5018
 8000 5029
 8000 5040
 8000 5050
 8000 5061
 8000 5072
 8000 5082
 8000 5093
 8000 5104
 8000 5114
 8000 5125
 8000 5136
 8000 5146
 8000 5157
 8000 5168
 8000 5178
 8000 5189
 8000 5200
 8000 5210
 8000 5221
 8000 5232
 8000 5242
 8000 5253
 8000 5263
 8000 5274
 8000 5285
 8000 5295
 8000 5306
 8000 5317
 8000 5327
 8000 5338
 8000 5349
 8000 5359
 8000 5370
 8000 5381
 8000 5391
 8000 5402
 8000 5413

 2000 2050

 2223 2563
 2442 2563

 2899 2745
 3279 2770

 3193 2785

 3586 2715
 3867 2715

 8000 1586

 8000 1586

 2000 4949

 2223 4436
 2442 4436

 2899 4254
 3279 4229

 3193 4214

 3586 4284
 3867 4284

 8000 5413

 8000 5413

 2000 3500

 2000 3500

 2442 3500

 3002 3500

 3142 3500

 3193 3500

 3529 3500

 4012 3500

 8000 3500

 8000 3500

 2000 3500

 2000 3500

 2442 3500

 3002 3500

 3142 3500

 3193 3500

 3529 3500

 4012 3500

 8000 3500

 8000 3500
