 8900 1100
 8900 1600

 8900 1100
 8900 1100

 8900 1100
 9400 1100

 2000 3499
 2298 3499
 2302 3499
 2692 3499
 2697 3499
 3156 3499
 3431 3499
 3660 3499
 4440 3500
 4624 3500
 5473 3500
 5564 3500
 5569 3500
 5936 3500
 8000 3500

 2289 1879
 2411 1896
 2708 1937
 2832 1973
 3283 2135
 3404 2207
 3602 2357
 4064 2602
 4298 2640
 4823 2624
 5206 2620
 5482 2634
 5671 2669
 5931 2724
 8000 3501

 2289 5120
 2411 5103
 2708 5062
 2832 5026
 3283 4864
 3404 4792
 3602 4642
 4064 4397
 4298 4359
 4823 4375
 5206 4379
 5482 4365
 5671 4330
 5931 4275
 8000 3498

 2000 3499
 2298 3499
 2302 3499
 2692 3499
 2697 3499
 3156 3499
 3431 3499
 3660 3499
 4440 3500
 4624 3500
 5473 3500
 5564 3500
 5569 3500
 5936 3500
 8000 3500

 2289 1879
 2411 1896
 2708 1937
 2832 1973
 3283 2135
 3404 2207
 3602 2357
 4064 2602
 4298 2640
 4823 2624
 5206 2620
 5482 2634
 5671 2669
 5931 2724
 8000 3501

 2289 5120
 2411 5103
 2708 5062
 2832 5026
 3283 4864
 3404 4792
 3602 4642
 4064 4397
 4298 4359
 4823 4375
 5206 4379
 5482 4365
 5671 4330
 5931 4275
 8000 3498

 2000 3499
 2298 3499
 2302 3499
 2692 3499
 2697 3499
 3156 3499
 3431 3499
 3660 3499
 4440 3500
 4624 3500
 5473 3500
 5564 3500
 5569 3500
 5936 3500
 8000 3500

 2289 1879
 2411 1896
 2708 1937
 2832 1973
 3283 2135
 3404 2207
 3602 2357
 4064 2602
 4298 2640
 4823 2624
 5206 2620
 5482 2634
 5671 2669
 5931 2724
 8000 3501

 2289 5120
 2411 5103
 2708 5062
 2832 5026
 3283 4864
 3404 4792
 3602 4642
 4064 4397
 4298 4359
 4823 4375
 5206 4379
 5482 4365
 5671 4330
 5931 4275
 8000 3498

